source name	characteristics[organism]	characteristics[organism part]	characteristics[cell type]	characteristics[disease]	characteristics[developmental stage]	characteristics[strain or breed]	characteristics[biological replicate]	characteristics[material type]	characteristics[sample type]	characteristics[enrichment process]	characteristics[crosslink distance]	characteristics[crosslinking reaction time]	characteristics[crosslinking temperature]	assay name	technology type	comment[data file]	comment[technical replicate]	comment[fraction identifier]	comment[label]	comment[instrument]	comment[proteomics data acquisition method]	comment[cleavage agent details]	comment[cleavage agent details]	comment[modification parameters]	comment[modification parameters]	comment[dissociation method]	comment[collision energy]	comment[precursor mass tolerance]	comment[fragment mass tolerance]	comment[fractionation method]	comment[chemical cross-linking coupled with ms]	comment[cross-linker]	comment[crosslink enrichment method]	comment[crosslinker concentration]	comment[quenching reagent]	comment[reduction reagent]	comment[alkylation reagent]	comment[sdrf version]	comment[sdrf template]	comment[sdrf template]	comment[sdrf template]
PXD040705-sample	saccharomyces cerevisiae	not applicable	not applicable	not applicable	not available	not available	1	synthetic	reference	not available	26.4 Å	not available	not available	20190510-hjk-DSBU-4-dialyzed-hir-complex-preSEC-inj1-rt100.mzML	proteomic profiling by mass spectrometry	20190510-hjk-DSBU-4-dialyzed-hir-complex-preSEC-inj1-rt100.mzML	1	1	AC=MS:1002038;NT=label free sample	NT=Q Exactive HF;AC=MS:1002523	NT=Data-dependent acquisition;AC=PRIDE:0000449	NT=Trypsin;AC=MS:1001251	NT=Lys-C;AC=MS:1001309	NT=Carbamidomethyl;AC=UNIMOD:4;TA=C;MT=Fixed	NT=Oxidation;AC=UNIMOD:35;TA=M;MT=Variable	NT=HCD;AC=PRIDE:0000590	not available	not available	not available	not available	chemical cross-linking coupled with mass spectrometry proteomics	NT=DSBU;AC=XLMOD:02043;CL=yes;TA=K,S,T,Y,nterm;MH=85.05;ML=111.03	not available	not available	not available	not available	not available	v1.1.0	NT=ms-proteomics;VV=v1.1.0	NT=crosslinking;VV=v1.0.0	NT=invertebrates;VV=v1.1.0
PXD040705-sample	saccharomyces cerevisiae	not applicable	not applicable	not applicable	not available	not available	1	synthetic	reference	not available	26.4 Å	not available	not available	20190510-hjk-DSBU-4-dialyzed-hir-complex-preSEC-inj1-rt100	proteomic profiling by mass spectrometry	20190510-hjk-DSBU-4-dialyzed-hir-complex-preSEC-inj1-rt100.raw	1	2	AC=MS:1002038;NT=label free sample	NT=Q Exactive HF;AC=MS:1002523	NT=Data-dependent acquisition;AC=PRIDE:0000449	NT=Trypsin;AC=MS:1001251	NT=Lys-C;AC=MS:1001309	NT=Carbamidomethyl;AC=UNIMOD:4;TA=C;MT=Fixed	NT=Oxidation;AC=UNIMOD:35;TA=M;MT=Variable	NT=HCD;AC=PRIDE:0000590	not available	not available	not available	not available	chemical cross-linking coupled with mass spectrometry proteomics	NT=DSBU;AC=XLMOD:02043;CL=yes;TA=K,S,T,Y,nterm;MH=85.05;ML=111.03	not available	not available	not available	not available	not available	v1.1.0	NT=ms-proteomics;VV=v1.1.0	NT=crosslinking;VV=v1.0.0	NT=invertebrates;VV=v1.1.0
PXD040705-sample	saccharomyces cerevisiae	not applicable	not applicable	not applicable	not available	not available	1	synthetic	reference	not available	26.4 Å	not available	not available	20190510-hjk-DSBU-4-dialyzed-hir-complex-preSEC-inj2-rt205-previous-method.mzML	proteomic profiling by mass spectrometry	20190510-hjk-DSBU-4-dialyzed-hir-complex-preSEC-inj2-rt205-previous-method.mzML	1	3	AC=MS:1002038;NT=label free sample	NT=Q Exactive HF;AC=MS:1002523	NT=Data-dependent acquisition;AC=PRIDE:0000449	NT=Trypsin;AC=MS:1001251	NT=Lys-C;AC=MS:1001309	NT=Carbamidomethyl;AC=UNIMOD:4;TA=C;MT=Fixed	NT=Oxidation;AC=UNIMOD:35;TA=M;MT=Variable	NT=HCD;AC=PRIDE:0000590	not available	not available	not available	not available	chemical cross-linking coupled with mass spectrometry proteomics	NT=DSBU;AC=XLMOD:02043;CL=yes;TA=K,S,T,Y,nterm;MH=85.05;ML=111.03	not available	not available	not available	not available	not available	v1.1.0	NT=ms-proteomics;VV=v1.1.0	NT=crosslinking;VV=v1.0.0	NT=invertebrates;VV=v1.1.0
PXD040705-sample	saccharomyces cerevisiae	not applicable	not applicable	not applicable	not available	not available	1	synthetic	reference	not available	26.4 Å	not available	not available	20190510-hjk-DSBU-4-dialyzed-hir-complex-preSEC-inj2-rt205-previous-method	proteomic profiling by mass spectrometry	20190510-hjk-DSBU-4-dialyzed-hir-complex-preSEC-inj2-rt205-previous-method.raw	1	4	AC=MS:1002038;NT=label free sample	NT=Q Exactive HF;AC=MS:1002523	NT=Data-dependent acquisition;AC=PRIDE:0000449	NT=Trypsin;AC=MS:1001251	NT=Lys-C;AC=MS:1001309	NT=Carbamidomethyl;AC=UNIMOD:4;TA=C;MT=Fixed	NT=Oxidation;AC=UNIMOD:35;TA=M;MT=Variable	NT=HCD;AC=PRIDE:0000590	not available	not available	not available	not available	chemical cross-linking coupled with mass spectrometry proteomics	NT=DSBU;AC=XLMOD:02043;CL=yes;TA=K,S,T,Y,nterm;MH=85.05;ML=111.03	not available	not available	not available	not available	not available	v1.1.0	NT=ms-proteomics;VV=v1.1.0	NT=crosslinking;VV=v1.0.0	NT=invertebrates;VV=v1.1.0
PXD040705-sample	saccharomyces cerevisiae	not applicable	not applicable	not applicable	not available	not available	1	synthetic	reference	not available	26.4 Å	not available	not available	20190510-hjk-DSBU-4-dialyzed-hir-complex-preSEC-inj2-rt205.mzML	proteomic profiling by mass spectrometry	20190510-hjk-DSBU-4-dialyzed-hir-complex-preSEC-inj2-rt205.mzML	1	5	AC=MS:1002038;NT=label free sample	NT=Q Exactive HF;AC=MS:1002523	NT=Data-dependent acquisition;AC=PRIDE:0000449	NT=Trypsin;AC=MS:1001251	NT=Lys-C;AC=MS:1001309	NT=Carbamidomethyl;AC=UNIMOD:4;TA=C;MT=Fixed	NT=Oxidation;AC=UNIMOD:35;TA=M;MT=Variable	NT=HCD;AC=PRIDE:0000590	not available	not available	not available	not available	chemical cross-linking coupled with mass spectrometry proteomics	NT=DSBU;AC=XLMOD:02043;CL=yes;TA=K,S,T,Y,nterm;MH=85.05;ML=111.03	not available	not available	not available	not available	not available	v1.1.0	NT=ms-proteomics;VV=v1.1.0	NT=crosslinking;VV=v1.0.0	NT=invertebrates;VV=v1.1.0
PXD040705-sample	saccharomyces cerevisiae	not applicable	not applicable	not applicable	not available	not available	1	synthetic	reference	not available	26.4 Å	not available	not available	20190510-hjk-DSBU-4-dialyzed-hir-complex-preSEC-inj2-rt205	proteomic profiling by mass spectrometry	20190510-hjk-DSBU-4-dialyzed-hir-complex-preSEC-inj2-rt205.raw	1	6	AC=MS:1002038;NT=label free sample	NT=Q Exactive HF;AC=MS:1002523	NT=Data-dependent acquisition;AC=PRIDE:0000449	NT=Trypsin;AC=MS:1001251	NT=Lys-C;AC=MS:1001309	NT=Carbamidomethyl;AC=UNIMOD:4;TA=C;MT=Fixed	NT=Oxidation;AC=UNIMOD:35;TA=M;MT=Variable	NT=HCD;AC=PRIDE:0000590	not available	not available	not available	not available	chemical cross-linking coupled with mass spectrometry proteomics	NT=DSBU;AC=XLMOD:02043;CL=yes;TA=K,S,T,Y,nterm;MH=85.05;ML=111.03	not available	not available	not available	not available	not available	v1.1.0	NT=ms-proteomics;VV=v1.1.0	NT=crosslinking;VV=v1.0.0	NT=invertebrates;VV=v1.1.0
PXD040705-sample	saccharomyces cerevisiae	not applicable	not applicable	not applicable	not available	not available	1	synthetic	reference	not available	26.4 Å	not available	not available	20190510-hjk-DSBU-4-dialyzed-hir-complex-preSEC-inj2-rt205_20190512024548.mzML	proteomic profiling by mass spectrometry	20190510-hjk-DSBU-4-dialyzed-hir-complex-preSEC-inj2-rt205_20190512024548.mzML	1	7	AC=MS:1002038;NT=label free sample	NT=Q Exactive HF;AC=MS:1002523	NT=Data-dependent acquisition;AC=PRIDE:0000449	NT=Trypsin;AC=MS:1001251	NT=Lys-C;AC=MS:1001309	NT=Carbamidomethyl;AC=UNIMOD:4;TA=C;MT=Fixed	NT=Oxidation;AC=UNIMOD:35;TA=M;MT=Variable	NT=HCD;AC=PRIDE:0000590	not available	not available	not available	not available	chemical cross-linking coupled with mass spectrometry proteomics	NT=DSBU;AC=XLMOD:02043;CL=yes;TA=K,S,T,Y,nterm;MH=85.05;ML=111.03	not available	not available	not available	not available	not available	v1.1.0	NT=ms-proteomics;VV=v1.1.0	NT=crosslinking;VV=v1.0.0	NT=invertebrates;VV=v1.1.0
PXD040705-sample	saccharomyces cerevisiae	not applicable	not applicable	not applicable	not available	not available	1	synthetic	reference	not available	26.4 Å	not available	not available	20190510-hjk-DSBU-4-dialyzed-hir-complex-preSEC-inj2-rt205_20190512024548	proteomic profiling by mass spectrometry	20190510-hjk-DSBU-4-dialyzed-hir-complex-preSEC-inj2-rt205_20190512024548.raw	1	8	AC=MS:1002038;NT=label free sample	NT=Q Exactive HF;AC=MS:1002523	NT=Data-dependent acquisition;AC=PRIDE:0000449	NT=Trypsin;AC=MS:1001251	NT=Lys-C;AC=MS:1001309	NT=Carbamidomethyl;AC=UNIMOD:4;TA=C;MT=Fixed	NT=Oxidation;AC=UNIMOD:35;TA=M;MT=Variable	NT=HCD;AC=PRIDE:0000590	not available	not available	not available	not available	chemical cross-linking coupled with mass spectrometry proteomics	NT=DSBU;AC=XLMOD:02043;CL=yes;TA=K,S,T,Y,nterm;MH=85.05;ML=111.03	not available	not available	not available	not available	not available	v1.1.0	NT=ms-proteomics;VV=v1.1.0	NT=crosslinking;VV=v1.0.0	NT=invertebrates;VV=v1.1.0
PXD040705-sample	saccharomyces cerevisiae	not applicable	not applicable	not applicable	not available	not available	1	synthetic	reference	not available	26.4 Å	not available	not available	20190516-hjk-hir-complex-only-DSBU-A10.mzML	proteomic profiling by mass spectrometry	20190516-hjk-hir-complex-only-DSBU-A10.mzML	1	9	AC=MS:1002038;NT=label free sample	NT=Q Exactive HF;AC=MS:1002523	NT=Data-dependent acquisition;AC=PRIDE:0000449	NT=Trypsin;AC=MS:1001251	NT=Lys-C;AC=MS:1001309	NT=Carbamidomethyl;AC=UNIMOD:4;TA=C;MT=Fixed	NT=Oxidation;AC=UNIMOD:35;TA=M;MT=Variable	NT=HCD;AC=PRIDE:0000590	not available	not available	not available	not available	chemical cross-linking coupled with mass spectrometry proteomics	NT=DSBU;AC=XLMOD:02043;CL=yes;TA=K,S,T,Y,nterm;MH=85.05;ML=111.03	not available	not available	not available	not available	not available	v1.1.0	NT=ms-proteomics;VV=v1.1.0	NT=crosslinking;VV=v1.0.0	NT=invertebrates;VV=v1.1.0
PXD040705-sample	saccharomyces cerevisiae	not applicable	not applicable	not applicable	not available	not available	1	synthetic	reference	not available	26.4 Å	not available	not available	20190516-hjk-hir-complex-only-DSBU-A10	proteomic profiling by mass spectrometry	20190516-hjk-hir-complex-only-DSBU-A10.raw	1	10	AC=MS:1002038;NT=label free sample	NT=Q Exactive HF;AC=MS:1002523	NT=Data-dependent acquisition;AC=PRIDE:0000449	NT=Trypsin;AC=MS:1001251	NT=Lys-C;AC=MS:1001309	NT=Carbamidomethyl;AC=UNIMOD:4;TA=C;MT=Fixed	NT=Oxidation;AC=UNIMOD:35;TA=M;MT=Variable	NT=HCD;AC=PRIDE:0000590	not available	not available	not available	not available	chemical cross-linking coupled with mass spectrometry proteomics	NT=DSBU;AC=XLMOD:02043;CL=yes;TA=K,S,T,Y,nterm;MH=85.05;ML=111.03	not available	not available	not available	not available	not available	v1.1.0	NT=ms-proteomics;VV=v1.1.0	NT=crosslinking;VV=v1.0.0	NT=invertebrates;VV=v1.1.0
PXD040705-sample	saccharomyces cerevisiae	not applicable	not applicable	not applicable	not available	not available	1	synthetic	reference	not available	26.4 Å	not available	not available	20190516-hjk-hir-complex-only-DSBU-A11.mzML	proteomic profiling by mass spectrometry	20190516-hjk-hir-complex-only-DSBU-A11.mzML	1	11	AC=MS:1002038;NT=label free sample	NT=Q Exactive HF;AC=MS:1002523	NT=Data-dependent acquisition;AC=PRIDE:0000449	NT=Trypsin;AC=MS:1001251	NT=Lys-C;AC=MS:1001309	NT=Carbamidomethyl;AC=UNIMOD:4;TA=C;MT=Fixed	NT=Oxidation;AC=UNIMOD:35;TA=M;MT=Variable	NT=HCD;AC=PRIDE:0000590	not available	not available	not available	not available	chemical cross-linking coupled with mass spectrometry proteomics	NT=DSBU;AC=XLMOD:02043;CL=yes;TA=K,S,T,Y,nterm;MH=85.05;ML=111.03	not available	not available	not available	not available	not available	v1.1.0	NT=ms-proteomics;VV=v1.1.0	NT=crosslinking;VV=v1.0.0	NT=invertebrates;VV=v1.1.0
PXD040705-sample	saccharomyces cerevisiae	not applicable	not applicable	not applicable	not available	not available	1	synthetic	reference	not available	26.4 Å	not available	not available	20190516-hjk-hir-complex-only-DSBU-A11	proteomic profiling by mass spectrometry	20190516-hjk-hir-complex-only-DSBU-A11.raw	1	12	AC=MS:1002038;NT=label free sample	NT=Q Exactive HF;AC=MS:1002523	NT=Data-dependent acquisition;AC=PRIDE:0000449	NT=Trypsin;AC=MS:1001251	NT=Lys-C;AC=MS:1001309	NT=Carbamidomethyl;AC=UNIMOD:4;TA=C;MT=Fixed	NT=Oxidation;AC=UNIMOD:35;TA=M;MT=Variable	NT=HCD;AC=PRIDE:0000590	not available	not available	not available	not available	chemical cross-linking coupled with mass spectrometry proteomics	NT=DSBU;AC=XLMOD:02043;CL=yes;TA=K,S,T,Y,nterm;MH=85.05;ML=111.03	not available	not available	not available	not available	not available	v1.1.0	NT=ms-proteomics;VV=v1.1.0	NT=crosslinking;VV=v1.0.0	NT=invertebrates;VV=v1.1.0
PXD040705-sample	saccharomyces cerevisiae	not applicable	not applicable	not applicable	not available	not available	1	synthetic	reference	not available	26.4 Å	not available	not available	20190516-hjk-hir-complex-only-DSBU-A12.mzML	proteomic profiling by mass spectrometry	20190516-hjk-hir-complex-only-DSBU-A12.mzML	1	13	AC=MS:1002038;NT=label free sample	NT=Q Exactive HF;AC=MS:1002523	NT=Data-dependent acquisition;AC=PRIDE:0000449	NT=Trypsin;AC=MS:1001251	NT=Lys-C;AC=MS:1001309	NT=Carbamidomethyl;AC=UNIMOD:4;TA=C;MT=Fixed	NT=Oxidation;AC=UNIMOD:35;TA=M;MT=Variable	NT=HCD;AC=PRIDE:0000590	not available	not available	not available	not available	chemical cross-linking coupled with mass spectrometry proteomics	NT=DSBU;AC=XLMOD:02043;CL=yes;TA=K,S,T,Y,nterm;MH=85.05;ML=111.03	not available	not available	not available	not available	not available	v1.1.0	NT=ms-proteomics;VV=v1.1.0	NT=crosslinking;VV=v1.0.0	NT=invertebrates;VV=v1.1.0
PXD040705-sample	saccharomyces cerevisiae	not applicable	not applicable	not applicable	not available	not available	1	synthetic	reference	not available	26.4 Å	not available	not available	20190516-hjk-hir-complex-only-DSBU-A12	proteomic profiling by mass spectrometry	20190516-hjk-hir-complex-only-DSBU-A12.raw	1	14	AC=MS:1002038;NT=label free sample	NT=Q Exactive HF;AC=MS:1002523	NT=Data-dependent acquisition;AC=PRIDE:0000449	NT=Trypsin;AC=MS:1001251	NT=Lys-C;AC=MS:1001309	NT=Carbamidomethyl;AC=UNIMOD:4;TA=C;MT=Fixed	NT=Oxidation;AC=UNIMOD:35;TA=M;MT=Variable	NT=HCD;AC=PRIDE:0000590	not available	not available	not available	not available	chemical cross-linking coupled with mass spectrometry proteomics	NT=DSBU;AC=XLMOD:02043;CL=yes;TA=K,S,T,Y,nterm;MH=85.05;ML=111.03	not available	not available	not available	not available	not available	v1.1.0	NT=ms-proteomics;VV=v1.1.0	NT=crosslinking;VV=v1.0.0	NT=invertebrates;VV=v1.1.0
PXD040705-sample	saccharomyces cerevisiae	not applicable	not applicable	not applicable	not available	not available	1	synthetic	reference	not available	26.4 Å	not available	not available	20190516-hjk-hir-complex-only-DSBU-B01.mzML	proteomic profiling by mass spectrometry	20190516-hjk-hir-complex-only-DSBU-B01.mzML	1	15	AC=MS:1002038;NT=label free sample	NT=Q Exactive HF;AC=MS:1002523	NT=Data-dependent acquisition;AC=PRIDE:0000449	NT=Trypsin;AC=MS:1001251	NT=Lys-C;AC=MS:1001309	NT=Carbamidomethyl;AC=UNIMOD:4;TA=C;MT=Fixed	NT=Oxidation;AC=UNIMOD:35;TA=M;MT=Variable	NT=HCD;AC=PRIDE:0000590	not available	not available	not available	not available	chemical cross-linking coupled with mass spectrometry proteomics	NT=DSBU;AC=XLMOD:02043;CL=yes;TA=K,S,T,Y,nterm;MH=85.05;ML=111.03	not available	not available	not available	not available	not available	v1.1.0	NT=ms-proteomics;VV=v1.1.0	NT=crosslinking;VV=v1.0.0	NT=invertebrates;VV=v1.1.0
PXD040705-sample	saccharomyces cerevisiae	not applicable	not applicable	not applicable	not available	not available	1	synthetic	reference	not available	26.4 Å	not available	not available	20190516-hjk-hir-complex-only-DSBU-B01	proteomic profiling by mass spectrometry	20190516-hjk-hir-complex-only-DSBU-B01.raw	1	16	AC=MS:1002038;NT=label free sample	NT=Q Exactive HF;AC=MS:1002523	NT=Data-dependent acquisition;AC=PRIDE:0000449	NT=Trypsin;AC=MS:1001251	NT=Lys-C;AC=MS:1001309	NT=Carbamidomethyl;AC=UNIMOD:4;TA=C;MT=Fixed	NT=Oxidation;AC=UNIMOD:35;TA=M;MT=Variable	NT=HCD;AC=PRIDE:0000590	not available	not available	not available	not available	chemical cross-linking coupled with mass spectrometry proteomics	NT=DSBU;AC=XLMOD:02043;CL=yes;TA=K,S,T,Y,nterm;MH=85.05;ML=111.03	not available	not available	not available	not available	not available	v1.1.0	NT=ms-proteomics;VV=v1.1.0	NT=crosslinking;VV=v1.0.0	NT=invertebrates;VV=v1.1.0
PXD040705-sample	saccharomyces cerevisiae	not applicable	not applicable	not applicable	not available	not available	1	synthetic	reference	not available	26.4 Å	not available	not available	20190516-hjk-hir-complex-only-DSBU-B02.mzML	proteomic profiling by mass spectrometry	20190516-hjk-hir-complex-only-DSBU-B02.mzML	1	17	AC=MS:1002038;NT=label free sample	NT=Q Exactive HF;AC=MS:1002523	NT=Data-dependent acquisition;AC=PRIDE:0000449	NT=Trypsin;AC=MS:1001251	NT=Lys-C;AC=MS:1001309	NT=Carbamidomethyl;AC=UNIMOD:4;TA=C;MT=Fixed	NT=Oxidation;AC=UNIMOD:35;TA=M;MT=Variable	NT=HCD;AC=PRIDE:0000590	not available	not available	not available	not available	chemical cross-linking coupled with mass spectrometry proteomics	NT=DSBU;AC=XLMOD:02043;CL=yes;TA=K,S,T,Y,nterm;MH=85.05;ML=111.03	not available	not available	not available	not available	not available	v1.1.0	NT=ms-proteomics;VV=v1.1.0	NT=crosslinking;VV=v1.0.0	NT=invertebrates;VV=v1.1.0
PXD040705-sample	saccharomyces cerevisiae	not applicable	not applicable	not applicable	not available	not available	1	synthetic	reference	not available	26.4 Å	not available	not available	20190516-hjk-hir-complex-only-DSBU-B02	proteomic profiling by mass spectrometry	20190516-hjk-hir-complex-only-DSBU-B02.raw	1	18	AC=MS:1002038;NT=label free sample	NT=Q Exactive HF;AC=MS:1002523	NT=Data-dependent acquisition;AC=PRIDE:0000449	NT=Trypsin;AC=MS:1001251	NT=Lys-C;AC=MS:1001309	NT=Carbamidomethyl;AC=UNIMOD:4;TA=C;MT=Fixed	NT=Oxidation;AC=UNIMOD:35;TA=M;MT=Variable	NT=HCD;AC=PRIDE:0000590	not available	not available	not available	not available	chemical cross-linking coupled with mass spectrometry proteomics	NT=DSBU;AC=XLMOD:02043;CL=yes;TA=K,S,T,Y,nterm;MH=85.05;ML=111.03	not available	not available	not available	not available	not available	v1.1.0	NT=ms-proteomics;VV=v1.1.0	NT=crosslinking;VV=v1.0.0	NT=invertebrates;VV=v1.1.0
PXD040705-sample	saccharomyces cerevisiae	not applicable	not applicable	not applicable	not available	not available	1	synthetic	reference	not available	26.4 Å	not available	not available	20190516-hjk-hir-complex-only-DSBU-B03.mzML	proteomic profiling by mass spectrometry	20190516-hjk-hir-complex-only-DSBU-B03.mzML	1	19	AC=MS:1002038;NT=label free sample	NT=Q Exactive HF;AC=MS:1002523	NT=Data-dependent acquisition;AC=PRIDE:0000449	NT=Trypsin;AC=MS:1001251	NT=Lys-C;AC=MS:1001309	NT=Carbamidomethyl;AC=UNIMOD:4;TA=C;MT=Fixed	NT=Oxidation;AC=UNIMOD:35;TA=M;MT=Variable	NT=HCD;AC=PRIDE:0000590	not available	not available	not available	not available	chemical cross-linking coupled with mass spectrometry proteomics	NT=DSBU;AC=XLMOD:02043;CL=yes;TA=K,S,T,Y,nterm;MH=85.05;ML=111.03	not available	not available	not available	not available	not available	v1.1.0	NT=ms-proteomics;VV=v1.1.0	NT=crosslinking;VV=v1.0.0	NT=invertebrates;VV=v1.1.0
PXD040705-sample	saccharomyces cerevisiae	not applicable	not applicable	not applicable	not available	not available	1	synthetic	reference	not available	26.4 Å	not available	not available	20190516-hjk-hir-complex-only-DSBU-B03	proteomic profiling by mass spectrometry	20190516-hjk-hir-complex-only-DSBU-B03.raw	1	20	AC=MS:1002038;NT=label free sample	NT=Q Exactive HF;AC=MS:1002523	NT=Data-dependent acquisition;AC=PRIDE:0000449	NT=Trypsin;AC=MS:1001251	NT=Lys-C;AC=MS:1001309	NT=Carbamidomethyl;AC=UNIMOD:4;TA=C;MT=Fixed	NT=Oxidation;AC=UNIMOD:35;TA=M;MT=Variable	NT=HCD;AC=PRIDE:0000590	not available	not available	not available	not available	chemical cross-linking coupled with mass spectrometry proteomics	NT=DSBU;AC=XLMOD:02043;CL=yes;TA=K,S,T,Y,nterm;MH=85.05;ML=111.03	not available	not available	not available	not available	not available	v1.1.0	NT=ms-proteomics;VV=v1.1.0	NT=crosslinking;VV=v1.0.0	NT=invertebrates;VV=v1.1.0
PXD040705-sample	saccharomyces cerevisiae	not applicable	not applicable	not applicable	not available	not available	1	synthetic	reference	not available	26.4 Å	not available	not available	20190519-hjk-hir-complex-only-DSBU-A10.mzML	proteomic profiling by mass spectrometry	20190519-hjk-hir-complex-only-DSBU-A10.mzML	1	21	AC=MS:1002038;NT=label free sample	NT=Q Exactive HF;AC=MS:1002523	NT=Data-dependent acquisition;AC=PRIDE:0000449	NT=Trypsin;AC=MS:1001251	NT=Lys-C;AC=MS:1001309	NT=Carbamidomethyl;AC=UNIMOD:4;TA=C;MT=Fixed	NT=Oxidation;AC=UNIMOD:35;TA=M;MT=Variable	NT=HCD;AC=PRIDE:0000590	not available	not available	not available	not available	chemical cross-linking coupled with mass spectrometry proteomics	NT=DSBU;AC=XLMOD:02043;CL=yes;TA=K,S,T,Y,nterm;MH=85.05;ML=111.03	not available	not available	not available	not available	not available	v1.1.0	NT=ms-proteomics;VV=v1.1.0	NT=crosslinking;VV=v1.0.0	NT=invertebrates;VV=v1.1.0
PXD040705-sample	saccharomyces cerevisiae	not applicable	not applicable	not applicable	not available	not available	1	synthetic	reference	not available	26.4 Å	not available	not available	20190519-hjk-hir-complex-only-DSBU-A10	proteomic profiling by mass spectrometry	20190519-hjk-hir-complex-only-DSBU-A10.raw	1	22	AC=MS:1002038;NT=label free sample	NT=Q Exactive HF;AC=MS:1002523	NT=Data-dependent acquisition;AC=PRIDE:0000449	NT=Trypsin;AC=MS:1001251	NT=Lys-C;AC=MS:1001309	NT=Carbamidomethyl;AC=UNIMOD:4;TA=C;MT=Fixed	NT=Oxidation;AC=UNIMOD:35;TA=M;MT=Variable	NT=HCD;AC=PRIDE:0000590	not available	not available	not available	not available	chemical cross-linking coupled with mass spectrometry proteomics	NT=DSBU;AC=XLMOD:02043;CL=yes;TA=K,S,T,Y,nterm;MH=85.05;ML=111.03	not available	not available	not available	not available	not available	v1.1.0	NT=ms-proteomics;VV=v1.1.0	NT=crosslinking;VV=v1.0.0	NT=invertebrates;VV=v1.1.0
PXD040705-sample	saccharomyces cerevisiae	not applicable	not applicable	not applicable	not available	not available	1	synthetic	reference	not available	26.4 Å	not available	not available	20190519-hjk-hir-complex-only-DSBU-A11.mzML	proteomic profiling by mass spectrometry	20190519-hjk-hir-complex-only-DSBU-A11.mzML	1	23	AC=MS:1002038;NT=label free sample	NT=Q Exactive HF;AC=MS:1002523	NT=Data-dependent acquisition;AC=PRIDE:0000449	NT=Trypsin;AC=MS:1001251	NT=Lys-C;AC=MS:1001309	NT=Carbamidomethyl;AC=UNIMOD:4;TA=C;MT=Fixed	NT=Oxidation;AC=UNIMOD:35;TA=M;MT=Variable	NT=HCD;AC=PRIDE:0000590	not available	not available	not available	not available	chemical cross-linking coupled with mass spectrometry proteomics	NT=DSBU;AC=XLMOD:02043;CL=yes;TA=K,S,T,Y,nterm;MH=85.05;ML=111.03	not available	not available	not available	not available	not available	v1.1.0	NT=ms-proteomics;VV=v1.1.0	NT=crosslinking;VV=v1.0.0	NT=invertebrates;VV=v1.1.0
PXD040705-sample	saccharomyces cerevisiae	not applicable	not applicable	not applicable	not available	not available	1	synthetic	reference	not available	26.4 Å	not available	not available	20190519-hjk-hir-complex-only-DSBU-A11	proteomic profiling by mass spectrometry	20190519-hjk-hir-complex-only-DSBU-A11.raw	1	24	AC=MS:1002038;NT=label free sample	NT=Q Exactive HF;AC=MS:1002523	NT=Data-dependent acquisition;AC=PRIDE:0000449	NT=Trypsin;AC=MS:1001251	NT=Lys-C;AC=MS:1001309	NT=Carbamidomethyl;AC=UNIMOD:4;TA=C;MT=Fixed	NT=Oxidation;AC=UNIMOD:35;TA=M;MT=Variable	NT=HCD;AC=PRIDE:0000590	not available	not available	not available	not available	chemical cross-linking coupled with mass spectrometry proteomics	NT=DSBU;AC=XLMOD:02043;CL=yes;TA=K,S,T,Y,nterm;MH=85.05;ML=111.03	not available	not available	not available	not available	not available	v1.1.0	NT=ms-proteomics;VV=v1.1.0	NT=crosslinking;VV=v1.0.0	NT=invertebrates;VV=v1.1.0
PXD040705-sample	saccharomyces cerevisiae	not applicable	not applicable	not applicable	not available	not available	1	synthetic	reference	not available	26.4 Å	not available	not available	20190519-hjk-hir-complex-only-DSBU-A12.mzML	proteomic profiling by mass spectrometry	20190519-hjk-hir-complex-only-DSBU-A12.mzML	1	25	AC=MS:1002038;NT=label free sample	NT=Q Exactive HF;AC=MS:1002523	NT=Data-dependent acquisition;AC=PRIDE:0000449	NT=Trypsin;AC=MS:1001251	NT=Lys-C;AC=MS:1001309	NT=Carbamidomethyl;AC=UNIMOD:4;TA=C;MT=Fixed	NT=Oxidation;AC=UNIMOD:35;TA=M;MT=Variable	NT=HCD;AC=PRIDE:0000590	not available	not available	not available	not available	chemical cross-linking coupled with mass spectrometry proteomics	NT=DSBU;AC=XLMOD:02043;CL=yes;TA=K,S,T,Y,nterm;MH=85.05;ML=111.03	not available	not available	not available	not available	not available	v1.1.0	NT=ms-proteomics;VV=v1.1.0	NT=crosslinking;VV=v1.0.0	NT=invertebrates;VV=v1.1.0
PXD040705-sample	saccharomyces cerevisiae	not applicable	not applicable	not applicable	not available	not available	1	synthetic	reference	not available	26.4 Å	not available	not available	20190519-hjk-hir-complex-only-DSBU-A12	proteomic profiling by mass spectrometry	20190519-hjk-hir-complex-only-DSBU-A12.raw	1	26	AC=MS:1002038;NT=label free sample	NT=Q Exactive HF;AC=MS:1002523	NT=Data-dependent acquisition;AC=PRIDE:0000449	NT=Trypsin;AC=MS:1001251	NT=Lys-C;AC=MS:1001309	NT=Carbamidomethyl;AC=UNIMOD:4;TA=C;MT=Fixed	NT=Oxidation;AC=UNIMOD:35;TA=M;MT=Variable	NT=HCD;AC=PRIDE:0000590	not available	not available	not available	not available	chemical cross-linking coupled with mass spectrometry proteomics	NT=DSBU;AC=XLMOD:02043;CL=yes;TA=K,S,T,Y,nterm;MH=85.05;ML=111.03	not available	not available	not available	not available	not available	v1.1.0	NT=ms-proteomics;VV=v1.1.0	NT=crosslinking;VV=v1.0.0	NT=invertebrates;VV=v1.1.0
PXD040705-sample	saccharomyces cerevisiae	not applicable	not applicable	not applicable	not available	not available	1	synthetic	reference	not available	26.4 Å	not available	not available	20190519-hjk-hir-complex-only-DSBU-B01.mzML	proteomic profiling by mass spectrometry	20190519-hjk-hir-complex-only-DSBU-B01.mzML	1	27	AC=MS:1002038;NT=label free sample	NT=Q Exactive HF;AC=MS:1002523	NT=Data-dependent acquisition;AC=PRIDE:0000449	NT=Trypsin;AC=MS:1001251	NT=Lys-C;AC=MS:1001309	NT=Carbamidomethyl;AC=UNIMOD:4;TA=C;MT=Fixed	NT=Oxidation;AC=UNIMOD:35;TA=M;MT=Variable	NT=HCD;AC=PRIDE:0000590	not available	not available	not available	not available	chemical cross-linking coupled with mass spectrometry proteomics	NT=DSBU;AC=XLMOD:02043;CL=yes;TA=K,S,T,Y,nterm;MH=85.05;ML=111.03	not available	not available	not available	not available	not available	v1.1.0	NT=ms-proteomics;VV=v1.1.0	NT=crosslinking;VV=v1.0.0	NT=invertebrates;VV=v1.1.0
PXD040705-sample	saccharomyces cerevisiae	not applicable	not applicable	not applicable	not available	not available	1	synthetic	reference	not available	26.4 Å	not available	not available	20190519-hjk-hir-complex-only-DSBU-B01	proteomic profiling by mass spectrometry	20190519-hjk-hir-complex-only-DSBU-B01.raw	1	28	AC=MS:1002038;NT=label free sample	NT=Q Exactive HF;AC=MS:1002523	NT=Data-dependent acquisition;AC=PRIDE:0000449	NT=Trypsin;AC=MS:1001251	NT=Lys-C;AC=MS:1001309	NT=Carbamidomethyl;AC=UNIMOD:4;TA=C;MT=Fixed	NT=Oxidation;AC=UNIMOD:35;TA=M;MT=Variable	NT=HCD;AC=PRIDE:0000590	not available	not available	not available	not available	chemical cross-linking coupled with mass spectrometry proteomics	NT=DSBU;AC=XLMOD:02043;CL=yes;TA=K,S,T,Y,nterm;MH=85.05;ML=111.03	not available	not available	not available	not available	not available	v1.1.0	NT=ms-proteomics;VV=v1.1.0	NT=crosslinking;VV=v1.0.0	NT=invertebrates;VV=v1.1.0
PXD040705-sample	saccharomyces cerevisiae	not applicable	not applicable	not applicable	not available	not available	1	synthetic	reference	not available	26.4 Å	not available	not available	201905_HC_only_dsbu_linearfasta_combined_sitePairCount.tsv	proteomic profiling by mass spectrometry	201905_HC_only_dsbu_linearfasta_combined_sitePairCount.tsv	1	29	AC=MS:1002038;NT=label free sample	NT=Q Exactive HF;AC=MS:1002523	NT=Data-dependent acquisition;AC=PRIDE:0000449	NT=Trypsin;AC=MS:1001251	NT=Lys-C;AC=MS:1001309	NT=Carbamidomethyl;AC=UNIMOD:4;TA=C;MT=Fixed	NT=Oxidation;AC=UNIMOD:35;TA=M;MT=Variable	NT=HCD;AC=PRIDE:0000590	not available	not available	not available	not available	chemical cross-linking coupled with mass spectrometry proteomics	NT=DSBU;AC=XLMOD:02043;CL=yes;TA=K,S,T,Y,nterm;MH=85.05;ML=111.03	not available	not available	not available	not available	not available	v1.1.0	NT=ms-proteomics;VV=v1.1.0	NT=crosslinking;VV=v1.0.0	NT=invertebrates;VV=v1.1.0
PXD040705-sample	saccharomyces cerevisiae	not applicable	not applicable	not applicable	not available	not available	1	synthetic	reference	not available	26.4 Å	not available	not available	20220228_hjk_hir_asf1_h34_glygrad_dsbu_RT90_ch4plus_F1.mzML	proteomic profiling by mass spectrometry	20220228_hjk_hir_asf1_h34_glygrad_dsbu_RT90_ch4plus_F1.mzML	1	30	AC=MS:1002038;NT=label free sample	NT=Q Exactive HF;AC=MS:1002523	NT=Data-dependent acquisition;AC=PRIDE:0000449	NT=Trypsin;AC=MS:1001251	NT=Lys-C;AC=MS:1001309	NT=Carbamidomethyl;AC=UNIMOD:4;TA=C;MT=Fixed	NT=Oxidation;AC=UNIMOD:35;TA=M;MT=Variable	NT=HCD;AC=PRIDE:0000590	not available	not available	not available	not available	chemical cross-linking coupled with mass spectrometry proteomics	NT=DSBU;AC=XLMOD:02043;CL=yes;TA=K,S,T,Y,nterm;MH=85.05;ML=111.03	not available	not available	not available	not available	not available	v1.1.0	NT=ms-proteomics;VV=v1.1.0	NT=crosslinking;VV=v1.0.0	NT=invertebrates;VV=v1.1.0
PXD040705-sample	saccharomyces cerevisiae	not applicable	not applicable	not applicable	not available	not available	1	synthetic	reference	not available	26.4 Å	not available	not available	20220228_hjk_hir_asf1_h34_glygrad_dsbu_RT90_ch4plus_F1	proteomic profiling by mass spectrometry	20220228_hjk_hir_asf1_h34_glygrad_dsbu_RT90_ch4plus_F1.raw	1	31	AC=MS:1002038;NT=label free sample	NT=Q Exactive HF;AC=MS:1002523	NT=Data-dependent acquisition;AC=PRIDE:0000449	NT=Trypsin;AC=MS:1001251	NT=Lys-C;AC=MS:1001309	NT=Carbamidomethyl;AC=UNIMOD:4;TA=C;MT=Fixed	NT=Oxidation;AC=UNIMOD:35;TA=M;MT=Variable	NT=HCD;AC=PRIDE:0000590	not available	not available	not available	not available	chemical cross-linking coupled with mass spectrometry proteomics	NT=DSBU;AC=XLMOD:02043;CL=yes;TA=K,S,T,Y,nterm;MH=85.05;ML=111.03	not available	not available	not available	not available	not available	v1.1.0	NT=ms-proteomics;VV=v1.1.0	NT=crosslinking;VV=v1.0.0	NT=invertebrates;VV=v1.1.0
PXD040705-sample	saccharomyces cerevisiae	not applicable	not applicable	not applicable	not available	not available	1	synthetic	reference	not available	26.4 Å	not available	not available	20220228_hjk_hir_asf1_h34_glygrad_dsbu_RT90_ch4plus_F2.mzML	proteomic profiling by mass spectrometry	20220228_hjk_hir_asf1_h34_glygrad_dsbu_RT90_ch4plus_F2.mzML	1	32	AC=MS:1002038;NT=label free sample	NT=Q Exactive HF;AC=MS:1002523	NT=Data-dependent acquisition;AC=PRIDE:0000449	NT=Trypsin;AC=MS:1001251	NT=Lys-C;AC=MS:1001309	NT=Carbamidomethyl;AC=UNIMOD:4;TA=C;MT=Fixed	NT=Oxidation;AC=UNIMOD:35;TA=M;MT=Variable	NT=HCD;AC=PRIDE:0000590	not available	not available	not available	not available	chemical cross-linking coupled with mass spectrometry proteomics	NT=DSBU;AC=XLMOD:02043;CL=yes;TA=K,S,T,Y,nterm;MH=85.05;ML=111.03	not available	not available	not available	not available	not available	v1.1.0	NT=ms-proteomics;VV=v1.1.0	NT=crosslinking;VV=v1.0.0	NT=invertebrates;VV=v1.1.0
PXD040705-sample	saccharomyces cerevisiae	not applicable	not applicable	not applicable	not available	not available	1	synthetic	reference	not available	26.4 Å	not available	not available	20220228_hjk_hir_asf1_h34_glygrad_dsbu_RT90_ch4plus_F2	proteomic profiling by mass spectrometry	20220228_hjk_hir_asf1_h34_glygrad_dsbu_RT90_ch4plus_F2.raw	1	33	AC=MS:1002038;NT=label free sample	NT=Q Exactive HF;AC=MS:1002523	NT=Data-dependent acquisition;AC=PRIDE:0000449	NT=Trypsin;AC=MS:1001251	NT=Lys-C;AC=MS:1001309	NT=Carbamidomethyl;AC=UNIMOD:4;TA=C;MT=Fixed	NT=Oxidation;AC=UNIMOD:35;TA=M;MT=Variable	NT=HCD;AC=PRIDE:0000590	not available	not available	not available	not available	chemical cross-linking coupled with mass spectrometry proteomics	NT=DSBU;AC=XLMOD:02043;CL=yes;TA=K,S,T,Y,nterm;MH=85.05;ML=111.03	not available	not available	not available	not available	not available	v1.1.0	NT=ms-proteomics;VV=v1.1.0	NT=crosslinking;VV=v1.0.0	NT=invertebrates;VV=v1.1.0
PXD040705-sample	saccharomyces cerevisiae	not applicable	not applicable	not applicable	not available	not available	1	synthetic	reference	not available	26.4 Å	not available	not available	20220228_hjk_hir_asf1_h34_glygrad_dsbu_RT90_ch4plus_F3.mzML	proteomic profiling by mass spectrometry	20220228_hjk_hir_asf1_h34_glygrad_dsbu_RT90_ch4plus_F3.mzML	1	34	AC=MS:1002038;NT=label free sample	NT=Q Exactive HF;AC=MS:1002523	NT=Data-dependent acquisition;AC=PRIDE:0000449	NT=Trypsin;AC=MS:1001251	NT=Lys-C;AC=MS:1001309	NT=Carbamidomethyl;AC=UNIMOD:4;TA=C;MT=Fixed	NT=Oxidation;AC=UNIMOD:35;TA=M;MT=Variable	NT=HCD;AC=PRIDE:0000590	not available	not available	not available	not available	chemical cross-linking coupled with mass spectrometry proteomics	NT=DSBU;AC=XLMOD:02043;CL=yes;TA=K,S,T,Y,nterm;MH=85.05;ML=111.03	not available	not available	not available	not available	not available	v1.1.0	NT=ms-proteomics;VV=v1.1.0	NT=crosslinking;VV=v1.0.0	NT=invertebrates;VV=v1.1.0
PXD040705-sample	saccharomyces cerevisiae	not applicable	not applicable	not applicable	not available	not available	1	synthetic	reference	not available	26.4 Å	not available	not available	20220228_hjk_hir_asf1_h34_glygrad_dsbu_RT90_ch4plus_F3	proteomic profiling by mass spectrometry	20220228_hjk_hir_asf1_h34_glygrad_dsbu_RT90_ch4plus_F3.raw	1	35	AC=MS:1002038;NT=label free sample	NT=Q Exactive HF;AC=MS:1002523	NT=Data-dependent acquisition;AC=PRIDE:0000449	NT=Trypsin;AC=MS:1001251	NT=Lys-C;AC=MS:1001309	NT=Carbamidomethyl;AC=UNIMOD:4;TA=C;MT=Fixed	NT=Oxidation;AC=UNIMOD:35;TA=M;MT=Variable	NT=HCD;AC=PRIDE:0000590	not available	not available	not available	not available	chemical cross-linking coupled with mass spectrometry proteomics	NT=DSBU;AC=XLMOD:02043;CL=yes;TA=K,S,T,Y,nterm;MH=85.05;ML=111.03	not available	not available	not available	not available	not available	v1.1.0	NT=ms-proteomics;VV=v1.1.0	NT=crosslinking;VV=v1.0.0	NT=invertebrates;VV=v1.1.0
PXD040705-sample	saccharomyces cerevisiae	not applicable	not applicable	not applicable	not available	not available	1	synthetic	reference	not available	26.4 Å	not available	not available	20220228_hjk_hir_asf1_h34_glygrad_dsbu_RT90_ch4plus_F4.mzML	proteomic profiling by mass spectrometry	20220228_hjk_hir_asf1_h34_glygrad_dsbu_RT90_ch4plus_F4.mzML	1	36	AC=MS:1002038;NT=label free sample	NT=Q Exactive HF;AC=MS:1002523	NT=Data-dependent acquisition;AC=PRIDE:0000449	NT=Trypsin;AC=MS:1001251	NT=Lys-C;AC=MS:1001309	NT=Carbamidomethyl;AC=UNIMOD:4;TA=C;MT=Fixed	NT=Oxidation;AC=UNIMOD:35;TA=M;MT=Variable	NT=HCD;AC=PRIDE:0000590	not available	not available	not available	not available	chemical cross-linking coupled with mass spectrometry proteomics	NT=DSBU;AC=XLMOD:02043;CL=yes;TA=K,S,T,Y,nterm;MH=85.05;ML=111.03	not available	not available	not available	not available	not available	v1.1.0	NT=ms-proteomics;VV=v1.1.0	NT=crosslinking;VV=v1.0.0	NT=invertebrates;VV=v1.1.0
PXD040705-sample	saccharomyces cerevisiae	not applicable	not applicable	not applicable	not available	not available	1	synthetic	reference	not available	26.4 Å	not available	not available	20220228_hjk_hir_asf1_h34_glygrad_dsbu_RT90_ch4plus_F4	proteomic profiling by mass spectrometry	20220228_hjk_hir_asf1_h34_glygrad_dsbu_RT90_ch4plus_F4.raw	1	37	AC=MS:1002038;NT=label free sample	NT=Q Exactive HF;AC=MS:1002523	NT=Data-dependent acquisition;AC=PRIDE:0000449	NT=Trypsin;AC=MS:1001251	NT=Lys-C;AC=MS:1001309	NT=Carbamidomethyl;AC=UNIMOD:4;TA=C;MT=Fixed	NT=Oxidation;AC=UNIMOD:35;TA=M;MT=Variable	NT=HCD;AC=PRIDE:0000590	not available	not available	not available	not available	chemical cross-linking coupled with mass spectrometry proteomics	NT=DSBU;AC=XLMOD:02043;CL=yes;TA=K,S,T,Y,nterm;MH=85.05;ML=111.03	not available	not available	not available	not available	not available	v1.1.0	NT=ms-proteomics;VV=v1.1.0	NT=crosslinking;VV=v1.0.0	NT=invertebrates;VV=v1.1.0
PXD040705-sample	saccharomyces cerevisiae	not applicable	not applicable	not applicable	not available	not available	1	synthetic	reference	not available	26.4 Å	not available	not available	20220228_hjk_hir_asf1_h34_glygrad_dsbu_RT90_ch4plus_F5.mzML	proteomic profiling by mass spectrometry	20220228_hjk_hir_asf1_h34_glygrad_dsbu_RT90_ch4plus_F5.mzML	1	38	AC=MS:1002038;NT=label free sample	NT=Q Exactive HF;AC=MS:1002523	NT=Data-dependent acquisition;AC=PRIDE:0000449	NT=Trypsin;AC=MS:1001251	NT=Lys-C;AC=MS:1001309	NT=Carbamidomethyl;AC=UNIMOD:4;TA=C;MT=Fixed	NT=Oxidation;AC=UNIMOD:35;TA=M;MT=Variable	NT=HCD;AC=PRIDE:0000590	not available	not available	not available	not available	chemical cross-linking coupled with mass spectrometry proteomics	NT=DSBU;AC=XLMOD:02043;CL=yes;TA=K,S,T,Y,nterm;MH=85.05;ML=111.03	not available	not available	not available	not available	not available	v1.1.0	NT=ms-proteomics;VV=v1.1.0	NT=crosslinking;VV=v1.0.0	NT=invertebrates;VV=v1.1.0
PXD040705-sample	saccharomyces cerevisiae	not applicable	not applicable	not applicable	not available	not available	1	synthetic	reference	not available	26.4 Å	not available	not available	20220228_hjk_hir_asf1_h34_glygrad_dsbu_RT90_ch4plus_F5	proteomic profiling by mass spectrometry	20220228_hjk_hir_asf1_h34_glygrad_dsbu_RT90_ch4plus_F5.raw	1	39	AC=MS:1002038;NT=label free sample	NT=Q Exactive HF;AC=MS:1002523	NT=Data-dependent acquisition;AC=PRIDE:0000449	NT=Trypsin;AC=MS:1001251	NT=Lys-C;AC=MS:1001309	NT=Carbamidomethyl;AC=UNIMOD:4;TA=C;MT=Fixed	NT=Oxidation;AC=UNIMOD:35;TA=M;MT=Variable	NT=HCD;AC=PRIDE:0000590	not available	not available	not available	not available	chemical cross-linking coupled with mass spectrometry proteomics	NT=DSBU;AC=XLMOD:02043;CL=yes;TA=K,S,T,Y,nterm;MH=85.05;ML=111.03	not available	not available	not available	not available	not available	v1.1.0	NT=ms-proteomics;VV=v1.1.0	NT=crosslinking;VV=v1.0.0	NT=invertebrates;VV=v1.1.0
PXD040705-sample	saccharomyces cerevisiae	not applicable	not applicable	not applicable	not available	not available	1	synthetic	reference	not available	26.4 Å	not available	not available	20220228_hjk_hir_asf1_h34_glygrad_dsbu_RT90_ch4plus_F6.mzML	proteomic profiling by mass spectrometry	20220228_hjk_hir_asf1_h34_glygrad_dsbu_RT90_ch4plus_F6.mzML	1	40	AC=MS:1002038;NT=label free sample	NT=Q Exactive HF;AC=MS:1002523	NT=Data-dependent acquisition;AC=PRIDE:0000449	NT=Trypsin;AC=MS:1001251	NT=Lys-C;AC=MS:1001309	NT=Carbamidomethyl;AC=UNIMOD:4;TA=C;MT=Fixed	NT=Oxidation;AC=UNIMOD:35;TA=M;MT=Variable	NT=HCD;AC=PRIDE:0000590	not available	not available	not available	not available	chemical cross-linking coupled with mass spectrometry proteomics	NT=DSBU;AC=XLMOD:02043;CL=yes;TA=K,S,T,Y,nterm;MH=85.05;ML=111.03	not available	not available	not available	not available	not available	v1.1.0	NT=ms-proteomics;VV=v1.1.0	NT=crosslinking;VV=v1.0.0	NT=invertebrates;VV=v1.1.0
PXD040705-sample	saccharomyces cerevisiae	not applicable	not applicable	not applicable	not available	not available	1	synthetic	reference	not available	26.4 Å	not available	not available	20220228_hjk_hir_asf1_h34_glygrad_dsbu_RT90_ch4plus_F6	proteomic profiling by mass spectrometry	20220228_hjk_hir_asf1_h34_glygrad_dsbu_RT90_ch4plus_F6.raw	1	41	AC=MS:1002038;NT=label free sample	NT=Q Exactive HF;AC=MS:1002523	NT=Data-dependent acquisition;AC=PRIDE:0000449	NT=Trypsin;AC=MS:1001251	NT=Lys-C;AC=MS:1001309	NT=Carbamidomethyl;AC=UNIMOD:4;TA=C;MT=Fixed	NT=Oxidation;AC=UNIMOD:35;TA=M;MT=Variable	NT=HCD;AC=PRIDE:0000590	not available	not available	not available	not available	chemical cross-linking coupled with mass spectrometry proteomics	NT=DSBU;AC=XLMOD:02043;CL=yes;TA=K,S,T,Y,nterm;MH=85.05;ML=111.03	not available	not available	not available	not available	not available	v1.1.0	NT=ms-proteomics;VV=v1.1.0	NT=crosslinking;VV=v1.0.0	NT=invertebrates;VV=v1.1.0
PXD040705-sample	saccharomyces cerevisiae	not applicable	not applicable	not applicable	not available	not available	1	synthetic	reference	not available	26.4 Å	not available	not available	20220228_hjk_hir_asf1_h34_glygrad_dsbu_RT90_ch4plus_F7.mzML	proteomic profiling by mass spectrometry	20220228_hjk_hir_asf1_h34_glygrad_dsbu_RT90_ch4plus_F7.mzML	1	42	AC=MS:1002038;NT=label free sample	NT=Q Exactive HF;AC=MS:1002523	NT=Data-dependent acquisition;AC=PRIDE:0000449	NT=Trypsin;AC=MS:1001251	NT=Lys-C;AC=MS:1001309	NT=Carbamidomethyl;AC=UNIMOD:4;TA=C;MT=Fixed	NT=Oxidation;AC=UNIMOD:35;TA=M;MT=Variable	NT=HCD;AC=PRIDE:0000590	not available	not available	not available	not available	chemical cross-linking coupled with mass spectrometry proteomics	NT=DSBU;AC=XLMOD:02043;CL=yes;TA=K,S,T,Y,nterm;MH=85.05;ML=111.03	not available	not available	not available	not available	not available	v1.1.0	NT=ms-proteomics;VV=v1.1.0	NT=crosslinking;VV=v1.0.0	NT=invertebrates;VV=v1.1.0
PXD040705-sample	saccharomyces cerevisiae	not applicable	not applicable	not applicable	not available	not available	1	synthetic	reference	not available	26.4 Å	not available	not available	20220228_hjk_hir_asf1_h34_glygrad_dsbu_RT90_ch4plus_F7	proteomic profiling by mass spectrometry	20220228_hjk_hir_asf1_h34_glygrad_dsbu_RT90_ch4plus_F7.raw	1	43	AC=MS:1002038;NT=label free sample	NT=Q Exactive HF;AC=MS:1002523	NT=Data-dependent acquisition;AC=PRIDE:0000449	NT=Trypsin;AC=MS:1001251	NT=Lys-C;AC=MS:1001309	NT=Carbamidomethyl;AC=UNIMOD:4;TA=C;MT=Fixed	NT=Oxidation;AC=UNIMOD:35;TA=M;MT=Variable	NT=HCD;AC=PRIDE:0000590	not available	not available	not available	not available	chemical cross-linking coupled with mass spectrometry proteomics	NT=DSBU;AC=XLMOD:02043;CL=yes;TA=K,S,T,Y,nterm;MH=85.05;ML=111.03	not available	not available	not available	not available	not available	v1.1.0	NT=ms-proteomics;VV=v1.1.0	NT=crosslinking;VV=v1.0.0	NT=invertebrates;VV=v1.1.0
PXD040705-sample	saccharomyces cerevisiae	not applicable	not applicable	not applicable	not available	not available	1	synthetic	reference	not available	26.4 Å	not available	not available	20220228_hjk_hir_asf1_h34_glygrad_dsbu_RT90_ch4plus_F8.mzML	proteomic profiling by mass spectrometry	20220228_hjk_hir_asf1_h34_glygrad_dsbu_RT90_ch4plus_F8.mzML	1	44	AC=MS:1002038;NT=label free sample	NT=Q Exactive HF;AC=MS:1002523	NT=Data-dependent acquisition;AC=PRIDE:0000449	NT=Trypsin;AC=MS:1001251	NT=Lys-C;AC=MS:1001309	NT=Carbamidomethyl;AC=UNIMOD:4;TA=C;MT=Fixed	NT=Oxidation;AC=UNIMOD:35;TA=M;MT=Variable	NT=HCD;AC=PRIDE:0000590	not available	not available	not available	not available	chemical cross-linking coupled with mass spectrometry proteomics	NT=DSBU;AC=XLMOD:02043;CL=yes;TA=K,S,T,Y,nterm;MH=85.05;ML=111.03	not available	not available	not available	not available	not available	v1.1.0	NT=ms-proteomics;VV=v1.1.0	NT=crosslinking;VV=v1.0.0	NT=invertebrates;VV=v1.1.0
PXD040705-sample	saccharomyces cerevisiae	not applicable	not applicable	not applicable	not available	not available	1	synthetic	reference	not available	26.4 Å	not available	not available	20220228_hjk_hir_asf1_h34_glygrad_dsbu_RT90_ch4plus_F8	proteomic profiling by mass spectrometry	20220228_hjk_hir_asf1_h34_glygrad_dsbu_RT90_ch4plus_F8.raw	1	45	AC=MS:1002038;NT=label free sample	NT=Q Exactive HF;AC=MS:1002523	NT=Data-dependent acquisition;AC=PRIDE:0000449	NT=Trypsin;AC=MS:1001251	NT=Lys-C;AC=MS:1001309	NT=Carbamidomethyl;AC=UNIMOD:4;TA=C;MT=Fixed	NT=Oxidation;AC=UNIMOD:35;TA=M;MT=Variable	NT=HCD;AC=PRIDE:0000590	not available	not available	not available	not available	chemical cross-linking coupled with mass spectrometry proteomics	NT=DSBU;AC=XLMOD:02043;CL=yes;TA=K,S,T,Y,nterm;MH=85.05;ML=111.03	not available	not available	not available	not available	not available	v1.1.0	NT=ms-proteomics;VV=v1.1.0	NT=crosslinking;VV=v1.0.0	NT=invertebrates;VV=v1.1.0
PXD040705-sample	saccharomyces cerevisiae	not applicable	not applicable	not applicable	not available	not available	1	synthetic	reference	not available	26.4 Å	not available	not available	20220303_hjk_hir_asf1_h34_glygrad_dsbu_RT190_ch4plus_F1.mzML	proteomic profiling by mass spectrometry	20220303_hjk_hir_asf1_h34_glygrad_dsbu_RT190_ch4plus_F1.mzML	1	46	AC=MS:1002038;NT=label free sample	NT=Q Exactive HF;AC=MS:1002523	NT=Data-dependent acquisition;AC=PRIDE:0000449	NT=Trypsin;AC=MS:1001251	NT=Lys-C;AC=MS:1001309	NT=Carbamidomethyl;AC=UNIMOD:4;TA=C;MT=Fixed	NT=Oxidation;AC=UNIMOD:35;TA=M;MT=Variable	NT=HCD;AC=PRIDE:0000590	not available	not available	not available	not available	chemical cross-linking coupled with mass spectrometry proteomics	NT=DSBU;AC=XLMOD:02043;CL=yes;TA=K,S,T,Y,nterm;MH=85.05;ML=111.03	not available	not available	not available	not available	not available	v1.1.0	NT=ms-proteomics;VV=v1.1.0	NT=crosslinking;VV=v1.0.0	NT=invertebrates;VV=v1.1.0
PXD040705-sample	saccharomyces cerevisiae	not applicable	not applicable	not applicable	not available	not available	1	synthetic	reference	not available	26.4 Å	not available	not available	20220303_hjk_hir_asf1_h34_glygrad_dsbu_RT190_ch4plus_F1	proteomic profiling by mass spectrometry	20220303_hjk_hir_asf1_h34_glygrad_dsbu_RT190_ch4plus_F1.raw	1	47	AC=MS:1002038;NT=label free sample	NT=Q Exactive HF;AC=MS:1002523	NT=Data-dependent acquisition;AC=PRIDE:0000449	NT=Trypsin;AC=MS:1001251	NT=Lys-C;AC=MS:1001309	NT=Carbamidomethyl;AC=UNIMOD:4;TA=C;MT=Fixed	NT=Oxidation;AC=UNIMOD:35;TA=M;MT=Variable	NT=HCD;AC=PRIDE:0000590	not available	not available	not available	not available	chemical cross-linking coupled with mass spectrometry proteomics	NT=DSBU;AC=XLMOD:02043;CL=yes;TA=K,S,T,Y,nterm;MH=85.05;ML=111.03	not available	not available	not available	not available	not available	v1.1.0	NT=ms-proteomics;VV=v1.1.0	NT=crosslinking;VV=v1.0.0	NT=invertebrates;VV=v1.1.0
PXD040705-sample	saccharomyces cerevisiae	not applicable	not applicable	not applicable	not available	not available	1	synthetic	reference	not available	26.4 Å	not available	not available	20220303_hjk_hir_asf1_h34_glygrad_dsbu_RT190_ch4plus_F2.mzML	proteomic profiling by mass spectrometry	20220303_hjk_hir_asf1_h34_glygrad_dsbu_RT190_ch4plus_F2.mzML	1	48	AC=MS:1002038;NT=label free sample	NT=Q Exactive HF;AC=MS:1002523	NT=Data-dependent acquisition;AC=PRIDE:0000449	NT=Trypsin;AC=MS:1001251	NT=Lys-C;AC=MS:1001309	NT=Carbamidomethyl;AC=UNIMOD:4;TA=C;MT=Fixed	NT=Oxidation;AC=UNIMOD:35;TA=M;MT=Variable	NT=HCD;AC=PRIDE:0000590	not available	not available	not available	not available	chemical cross-linking coupled with mass spectrometry proteomics	NT=DSBU;AC=XLMOD:02043;CL=yes;TA=K,S,T,Y,nterm;MH=85.05;ML=111.03	not available	not available	not available	not available	not available	v1.1.0	NT=ms-proteomics;VV=v1.1.0	NT=crosslinking;VV=v1.0.0	NT=invertebrates;VV=v1.1.0
PXD040705-sample	saccharomyces cerevisiae	not applicable	not applicable	not applicable	not available	not available	1	synthetic	reference	not available	26.4 Å	not available	not available	20220303_hjk_hir_asf1_h34_glygrad_dsbu_RT190_ch4plus_F2	proteomic profiling by mass spectrometry	20220303_hjk_hir_asf1_h34_glygrad_dsbu_RT190_ch4plus_F2.raw	1	49	AC=MS:1002038;NT=label free sample	NT=Q Exactive HF;AC=MS:1002523	NT=Data-dependent acquisition;AC=PRIDE:0000449	NT=Trypsin;AC=MS:1001251	NT=Lys-C;AC=MS:1001309	NT=Carbamidomethyl;AC=UNIMOD:4;TA=C;MT=Fixed	NT=Oxidation;AC=UNIMOD:35;TA=M;MT=Variable	NT=HCD;AC=PRIDE:0000590	not available	not available	not available	not available	chemical cross-linking coupled with mass spectrometry proteomics	NT=DSBU;AC=XLMOD:02043;CL=yes;TA=K,S,T,Y,nterm;MH=85.05;ML=111.03	not available	not available	not available	not available	not available	v1.1.0	NT=ms-proteomics;VV=v1.1.0	NT=crosslinking;VV=v1.0.0	NT=invertebrates;VV=v1.1.0
PXD040705-sample	saccharomyces cerevisiae	not applicable	not applicable	not applicable	not available	not available	1	synthetic	reference	not available	26.4 Å	not available	not available	20220303_hjk_hir_asf1_h34_glygrad_dsbu_RT190_ch4plus_F2_20220304094739.mzML	proteomic profiling by mass spectrometry	20220303_hjk_hir_asf1_h34_glygrad_dsbu_RT190_ch4plus_F2_20220304094739.mzML	1	50	AC=MS:1002038;NT=label free sample	NT=Q Exactive HF;AC=MS:1002523	NT=Data-dependent acquisition;AC=PRIDE:0000449	NT=Trypsin;AC=MS:1001251	NT=Lys-C;AC=MS:1001309	NT=Carbamidomethyl;AC=UNIMOD:4;TA=C;MT=Fixed	NT=Oxidation;AC=UNIMOD:35;TA=M;MT=Variable	NT=HCD;AC=PRIDE:0000590	not available	not available	not available	not available	chemical cross-linking coupled with mass spectrometry proteomics	NT=DSBU;AC=XLMOD:02043;CL=yes;TA=K,S,T,Y,nterm;MH=85.05;ML=111.03	not available	not available	not available	not available	not available	v1.1.0	NT=ms-proteomics;VV=v1.1.0	NT=crosslinking;VV=v1.0.0	NT=invertebrates;VV=v1.1.0
PXD040705-sample	saccharomyces cerevisiae	not applicable	not applicable	not applicable	not available	not available	1	synthetic	reference	not available	26.4 Å	not available	not available	20220303_hjk_hir_asf1_h34_glygrad_dsbu_RT190_ch4plus_F2_20220304094739	proteomic profiling by mass spectrometry	20220303_hjk_hir_asf1_h34_glygrad_dsbu_RT190_ch4plus_F2_20220304094739.raw	1	51	AC=MS:1002038;NT=label free sample	NT=Q Exactive HF;AC=MS:1002523	NT=Data-dependent acquisition;AC=PRIDE:0000449	NT=Trypsin;AC=MS:1001251	NT=Lys-C;AC=MS:1001309	NT=Carbamidomethyl;AC=UNIMOD:4;TA=C;MT=Fixed	NT=Oxidation;AC=UNIMOD:35;TA=M;MT=Variable	NT=HCD;AC=PRIDE:0000590	not available	not available	not available	not available	chemical cross-linking coupled with mass spectrometry proteomics	NT=DSBU;AC=XLMOD:02043;CL=yes;TA=K,S,T,Y,nterm;MH=85.05;ML=111.03	not available	not available	not available	not available	not available	v1.1.0	NT=ms-proteomics;VV=v1.1.0	NT=crosslinking;VV=v1.0.0	NT=invertebrates;VV=v1.1.0
PXD040705-sample	saccharomyces cerevisiae	not applicable	not applicable	not applicable	not available	not available	1	synthetic	reference	not available	26.4 Å	not available	not available	20220303_hjk_hir_asf1_h34_glygrad_dsbu_RT190_ch4plus_F3.mzML	proteomic profiling by mass spectrometry	20220303_hjk_hir_asf1_h34_glygrad_dsbu_RT190_ch4plus_F3.mzML	1	52	AC=MS:1002038;NT=label free sample	NT=Q Exactive HF;AC=MS:1002523	NT=Data-dependent acquisition;AC=PRIDE:0000449	NT=Trypsin;AC=MS:1001251	NT=Lys-C;AC=MS:1001309	NT=Carbamidomethyl;AC=UNIMOD:4;TA=C;MT=Fixed	NT=Oxidation;AC=UNIMOD:35;TA=M;MT=Variable	NT=HCD;AC=PRIDE:0000590	not available	not available	not available	not available	chemical cross-linking coupled with mass spectrometry proteomics	NT=DSBU;AC=XLMOD:02043;CL=yes;TA=K,S,T,Y,nterm;MH=85.05;ML=111.03	not available	not available	not available	not available	not available	v1.1.0	NT=ms-proteomics;VV=v1.1.0	NT=crosslinking;VV=v1.0.0	NT=invertebrates;VV=v1.1.0
PXD040705-sample	saccharomyces cerevisiae	not applicable	not applicable	not applicable	not available	not available	1	synthetic	reference	not available	26.4 Å	not available	not available	20220303_hjk_hir_asf1_h34_glygrad_dsbu_RT190_ch4plus_F3	proteomic profiling by mass spectrometry	20220303_hjk_hir_asf1_h34_glygrad_dsbu_RT190_ch4plus_F3.raw	1	53	AC=MS:1002038;NT=label free sample	NT=Q Exactive HF;AC=MS:1002523	NT=Data-dependent acquisition;AC=PRIDE:0000449	NT=Trypsin;AC=MS:1001251	NT=Lys-C;AC=MS:1001309	NT=Carbamidomethyl;AC=UNIMOD:4;TA=C;MT=Fixed	NT=Oxidation;AC=UNIMOD:35;TA=M;MT=Variable	NT=HCD;AC=PRIDE:0000590	not available	not available	not available	not available	chemical cross-linking coupled with mass spectrometry proteomics	NT=DSBU;AC=XLMOD:02043;CL=yes;TA=K,S,T,Y,nterm;MH=85.05;ML=111.03	not available	not available	not available	not available	not available	v1.1.0	NT=ms-proteomics;VV=v1.1.0	NT=crosslinking;VV=v1.0.0	NT=invertebrates;VV=v1.1.0
PXD040705-sample	saccharomyces cerevisiae	not applicable	not applicable	not applicable	not available	not available	1	synthetic	reference	not available	26.4 Å	not available	not available	20220303_hjk_hir_asf1_h34_glygrad_dsbu_RT190_ch4plus_F4.mzML	proteomic profiling by mass spectrometry	20220303_hjk_hir_asf1_h34_glygrad_dsbu_RT190_ch4plus_F4.mzML	1	54	AC=MS:1002038;NT=label free sample	NT=Q Exactive HF;AC=MS:1002523	NT=Data-dependent acquisition;AC=PRIDE:0000449	NT=Trypsin;AC=MS:1001251	NT=Lys-C;AC=MS:1001309	NT=Carbamidomethyl;AC=UNIMOD:4;TA=C;MT=Fixed	NT=Oxidation;AC=UNIMOD:35;TA=M;MT=Variable	NT=HCD;AC=PRIDE:0000590	not available	not available	not available	not available	chemical cross-linking coupled with mass spectrometry proteomics	NT=DSBU;AC=XLMOD:02043;CL=yes;TA=K,S,T,Y,nterm;MH=85.05;ML=111.03	not available	not available	not available	not available	not available	v1.1.0	NT=ms-proteomics;VV=v1.1.0	NT=crosslinking;VV=v1.0.0	NT=invertebrates;VV=v1.1.0
PXD040705-sample	saccharomyces cerevisiae	not applicable	not applicable	not applicable	not available	not available	1	synthetic	reference	not available	26.4 Å	not available	not available	20220303_hjk_hir_asf1_h34_glygrad_dsbu_RT190_ch4plus_F4	proteomic profiling by mass spectrometry	20220303_hjk_hir_asf1_h34_glygrad_dsbu_RT190_ch4plus_F4.raw	1	55	AC=MS:1002038;NT=label free sample	NT=Q Exactive HF;AC=MS:1002523	NT=Data-dependent acquisition;AC=PRIDE:0000449	NT=Trypsin;AC=MS:1001251	NT=Lys-C;AC=MS:1001309	NT=Carbamidomethyl;AC=UNIMOD:4;TA=C;MT=Fixed	NT=Oxidation;AC=UNIMOD:35;TA=M;MT=Variable	NT=HCD;AC=PRIDE:0000590	not available	not available	not available	not available	chemical cross-linking coupled with mass spectrometry proteomics	NT=DSBU;AC=XLMOD:02043;CL=yes;TA=K,S,T,Y,nterm;MH=85.05;ML=111.03	not available	not available	not available	not available	not available	v1.1.0	NT=ms-proteomics;VV=v1.1.0	NT=crosslinking;VV=v1.0.0	NT=invertebrates;VV=v1.1.0
PXD040705-sample	saccharomyces cerevisiae	not applicable	not applicable	not applicable	not available	not available	1	synthetic	reference	not available	26.4 Å	not available	not available	20220303_hjk_hir_asf1_h34_glygrad_dsbu_RT190_ch4plus_F4_20220304132010.mzML	proteomic profiling by mass spectrometry	20220303_hjk_hir_asf1_h34_glygrad_dsbu_RT190_ch4plus_F4_20220304132010.mzML	1	56	AC=MS:1002038;NT=label free sample	NT=Q Exactive HF;AC=MS:1002523	NT=Data-dependent acquisition;AC=PRIDE:0000449	NT=Trypsin;AC=MS:1001251	NT=Lys-C;AC=MS:1001309	NT=Carbamidomethyl;AC=UNIMOD:4;TA=C;MT=Fixed	NT=Oxidation;AC=UNIMOD:35;TA=M;MT=Variable	NT=HCD;AC=PRIDE:0000590	not available	not available	not available	not available	chemical cross-linking coupled with mass spectrometry proteomics	NT=DSBU;AC=XLMOD:02043;CL=yes;TA=K,S,T,Y,nterm;MH=85.05;ML=111.03	not available	not available	not available	not available	not available	v1.1.0	NT=ms-proteomics;VV=v1.1.0	NT=crosslinking;VV=v1.0.0	NT=invertebrates;VV=v1.1.0
PXD040705-sample	saccharomyces cerevisiae	not applicable	not applicable	not applicable	not available	not available	1	synthetic	reference	not available	26.4 Å	not available	not available	20220303_hjk_hir_asf1_h34_glygrad_dsbu_RT190_ch4plus_F4_20220304132010	proteomic profiling by mass spectrometry	20220303_hjk_hir_asf1_h34_glygrad_dsbu_RT190_ch4plus_F4_20220304132010.raw	1	57	AC=MS:1002038;NT=label free sample	NT=Q Exactive HF;AC=MS:1002523	NT=Data-dependent acquisition;AC=PRIDE:0000449	NT=Trypsin;AC=MS:1001251	NT=Lys-C;AC=MS:1001309	NT=Carbamidomethyl;AC=UNIMOD:4;TA=C;MT=Fixed	NT=Oxidation;AC=UNIMOD:35;TA=M;MT=Variable	NT=HCD;AC=PRIDE:0000590	not available	not available	not available	not available	chemical cross-linking coupled with mass spectrometry proteomics	NT=DSBU;AC=XLMOD:02043;CL=yes;TA=K,S,T,Y,nterm;MH=85.05;ML=111.03	not available	not available	not available	not available	not available	v1.1.0	NT=ms-proteomics;VV=v1.1.0	NT=crosslinking;VV=v1.0.0	NT=invertebrates;VV=v1.1.0
PXD040705-sample	saccharomyces cerevisiae	not applicable	not applicable	not applicable	not available	not available	1	synthetic	reference	not available	26.4 Å	not available	not available	20220303_hjk_hir_asf1_h34_glygrad_dsbu_RT190_ch4plus_F5.mzML	proteomic profiling by mass spectrometry	20220303_hjk_hir_asf1_h34_glygrad_dsbu_RT190_ch4plus_F5.mzML	1	58	AC=MS:1002038;NT=label free sample	NT=Q Exactive HF;AC=MS:1002523	NT=Data-dependent acquisition;AC=PRIDE:0000449	NT=Trypsin;AC=MS:1001251	NT=Lys-C;AC=MS:1001309	NT=Carbamidomethyl;AC=UNIMOD:4;TA=C;MT=Fixed	NT=Oxidation;AC=UNIMOD:35;TA=M;MT=Variable	NT=HCD;AC=PRIDE:0000590	not available	not available	not available	not available	chemical cross-linking coupled with mass spectrometry proteomics	NT=DSBU;AC=XLMOD:02043;CL=yes;TA=K,S,T,Y,nterm;MH=85.05;ML=111.03	not available	not available	not available	not available	not available	v1.1.0	NT=ms-proteomics;VV=v1.1.0	NT=crosslinking;VV=v1.0.0	NT=invertebrates;VV=v1.1.0
PXD040705-sample	saccharomyces cerevisiae	not applicable	not applicable	not applicable	not available	not available	1	synthetic	reference	not available	26.4 Å	not available	not available	20220303_hjk_hir_asf1_h34_glygrad_dsbu_RT190_ch4plus_F5	proteomic profiling by mass spectrometry	20220303_hjk_hir_asf1_h34_glygrad_dsbu_RT190_ch4plus_F5.raw	1	59	AC=MS:1002038;NT=label free sample	NT=Q Exactive HF;AC=MS:1002523	NT=Data-dependent acquisition;AC=PRIDE:0000449	NT=Trypsin;AC=MS:1001251	NT=Lys-C;AC=MS:1001309	NT=Carbamidomethyl;AC=UNIMOD:4;TA=C;MT=Fixed	NT=Oxidation;AC=UNIMOD:35;TA=M;MT=Variable	NT=HCD;AC=PRIDE:0000590	not available	not available	not available	not available	chemical cross-linking coupled with mass spectrometry proteomics	NT=DSBU;AC=XLMOD:02043;CL=yes;TA=K,S,T,Y,nterm;MH=85.05;ML=111.03	not available	not available	not available	not available	not available	v1.1.0	NT=ms-proteomics;VV=v1.1.0	NT=crosslinking;VV=v1.0.0	NT=invertebrates;VV=v1.1.0
PXD040705-sample	saccharomyces cerevisiae	not applicable	not applicable	not applicable	not available	not available	1	synthetic	reference	not available	26.4 Å	not available	not available	20220303_hjk_hir_asf1_h34_glygrad_dsbu_RT190_ch4plus_F6.mzML	proteomic profiling by mass spectrometry	20220303_hjk_hir_asf1_h34_glygrad_dsbu_RT190_ch4plus_F6.mzML	1	60	AC=MS:1002038;NT=label free sample	NT=Q Exactive HF;AC=MS:1002523	NT=Data-dependent acquisition;AC=PRIDE:0000449	NT=Trypsin;AC=MS:1001251	NT=Lys-C;AC=MS:1001309	NT=Carbamidomethyl;AC=UNIMOD:4;TA=C;MT=Fixed	NT=Oxidation;AC=UNIMOD:35;TA=M;MT=Variable	NT=HCD;AC=PRIDE:0000590	not available	not available	not available	not available	chemical cross-linking coupled with mass spectrometry proteomics	NT=DSBU;AC=XLMOD:02043;CL=yes;TA=K,S,T,Y,nterm;MH=85.05;ML=111.03	not available	not available	not available	not available	not available	v1.1.0	NT=ms-proteomics;VV=v1.1.0	NT=crosslinking;VV=v1.0.0	NT=invertebrates;VV=v1.1.0
PXD040705-sample	saccharomyces cerevisiae	not applicable	not applicable	not applicable	not available	not available	1	synthetic	reference	not available	26.4 Å	not available	not available	20220303_hjk_hir_asf1_h34_glygrad_dsbu_RT190_ch4plus_F6	proteomic profiling by mass spectrometry	20220303_hjk_hir_asf1_h34_glygrad_dsbu_RT190_ch4plus_F6.raw	1	61	AC=MS:1002038;NT=label free sample	NT=Q Exactive HF;AC=MS:1002523	NT=Data-dependent acquisition;AC=PRIDE:0000449	NT=Trypsin;AC=MS:1001251	NT=Lys-C;AC=MS:1001309	NT=Carbamidomethyl;AC=UNIMOD:4;TA=C;MT=Fixed	NT=Oxidation;AC=UNIMOD:35;TA=M;MT=Variable	NT=HCD;AC=PRIDE:0000590	not available	not available	not available	not available	chemical cross-linking coupled with mass spectrometry proteomics	NT=DSBU;AC=XLMOD:02043;CL=yes;TA=K,S,T,Y,nterm;MH=85.05;ML=111.03	not available	not available	not available	not available	not available	v1.1.0	NT=ms-proteomics;VV=v1.1.0	NT=crosslinking;VV=v1.0.0	NT=invertebrates;VV=v1.1.0
PXD040705-sample	saccharomyces cerevisiae	not applicable	not applicable	not applicable	not available	not available	1	synthetic	reference	not available	26.4 Å	not available	not available	20220303_hjk_hir_asf1_h34_glygrad_dsbu_RT190_ch4plus_F7.mzML	proteomic profiling by mass spectrometry	20220303_hjk_hir_asf1_h34_glygrad_dsbu_RT190_ch4plus_F7.mzML	1	62	AC=MS:1002038;NT=label free sample	NT=Q Exactive HF;AC=MS:1002523	NT=Data-dependent acquisition;AC=PRIDE:0000449	NT=Trypsin;AC=MS:1001251	NT=Lys-C;AC=MS:1001309	NT=Carbamidomethyl;AC=UNIMOD:4;TA=C;MT=Fixed	NT=Oxidation;AC=UNIMOD:35;TA=M;MT=Variable	NT=HCD;AC=PRIDE:0000590	not available	not available	not available	not available	chemical cross-linking coupled with mass spectrometry proteomics	NT=DSBU;AC=XLMOD:02043;CL=yes;TA=K,S,T,Y,nterm;MH=85.05;ML=111.03	not available	not available	not available	not available	not available	v1.1.0	NT=ms-proteomics;VV=v1.1.0	NT=crosslinking;VV=v1.0.0	NT=invertebrates;VV=v1.1.0
PXD040705-sample	saccharomyces cerevisiae	not applicable	not applicable	not applicable	not available	not available	1	synthetic	reference	not available	26.4 Å	not available	not available	20220303_hjk_hir_asf1_h34_glygrad_dsbu_RT190_ch4plus_F7	proteomic profiling by mass spectrometry	20220303_hjk_hir_asf1_h34_glygrad_dsbu_RT190_ch4plus_F7.raw	1	63	AC=MS:1002038;NT=label free sample	NT=Q Exactive HF;AC=MS:1002523	NT=Data-dependent acquisition;AC=PRIDE:0000449	NT=Trypsin;AC=MS:1001251	NT=Lys-C;AC=MS:1001309	NT=Carbamidomethyl;AC=UNIMOD:4;TA=C;MT=Fixed	NT=Oxidation;AC=UNIMOD:35;TA=M;MT=Variable	NT=HCD;AC=PRIDE:0000590	not available	not available	not available	not available	chemical cross-linking coupled with mass spectrometry proteomics	NT=DSBU;AC=XLMOD:02043;CL=yes;TA=K,S,T,Y,nterm;MH=85.05;ML=111.03	not available	not available	not available	not available	not available	v1.1.0	NT=ms-proteomics;VV=v1.1.0	NT=crosslinking;VV=v1.0.0	NT=invertebrates;VV=v1.1.0
PXD040705-sample	saccharomyces cerevisiae	not applicable	not applicable	not applicable	not available	not available	1	synthetic	reference	not available	26.4 Å	not available	not available	20220303_hjk_hir_asf1_h34_glygrad_dsbu_RT190_ch4plus_F8.mzML	proteomic profiling by mass spectrometry	20220303_hjk_hir_asf1_h34_glygrad_dsbu_RT190_ch4plus_F8.mzML	1	64	AC=MS:1002038;NT=label free sample	NT=Q Exactive HF;AC=MS:1002523	NT=Data-dependent acquisition;AC=PRIDE:0000449	NT=Trypsin;AC=MS:1001251	NT=Lys-C;AC=MS:1001309	NT=Carbamidomethyl;AC=UNIMOD:4;TA=C;MT=Fixed	NT=Oxidation;AC=UNIMOD:35;TA=M;MT=Variable	NT=HCD;AC=PRIDE:0000590	not available	not available	not available	not available	chemical cross-linking coupled with mass spectrometry proteomics	NT=DSBU;AC=XLMOD:02043;CL=yes;TA=K,S,T,Y,nterm;MH=85.05;ML=111.03	not available	not available	not available	not available	not available	v1.1.0	NT=ms-proteomics;VV=v1.1.0	NT=crosslinking;VV=v1.0.0	NT=invertebrates;VV=v1.1.0
PXD040705-sample	saccharomyces cerevisiae	not applicable	not applicable	not applicable	not available	not available	1	synthetic	reference	not available	26.4 Å	not available	not available	20220303_hjk_hir_asf1_h34_glygrad_dsbu_RT190_ch4plus_F8	proteomic profiling by mass spectrometry	20220303_hjk_hir_asf1_h34_glygrad_dsbu_RT190_ch4plus_F8.raw	1	65	AC=MS:1002038;NT=label free sample	NT=Q Exactive HF;AC=MS:1002523	NT=Data-dependent acquisition;AC=PRIDE:0000449	NT=Trypsin;AC=MS:1001251	NT=Lys-C;AC=MS:1001309	NT=Carbamidomethyl;AC=UNIMOD:4;TA=C;MT=Fixed	NT=Oxidation;AC=UNIMOD:35;TA=M;MT=Variable	NT=HCD;AC=PRIDE:0000590	not available	not available	not available	not available	chemical cross-linking coupled with mass spectrometry proteomics	NT=DSBU;AC=XLMOD:02043;CL=yes;TA=K,S,T,Y,nterm;MH=85.05;ML=111.03	not available	not available	not available	not available	not available	v1.1.0	NT=ms-proteomics;VV=v1.1.0	NT=crosslinking;VV=v1.0.0	NT=invertebrates;VV=v1.1.0
PXD040705-sample	saccharomyces cerevisiae	not applicable	not applicable	not applicable	not available	not available	1	synthetic	reference	not available	26.4 Å	not available	not available	202203_HAHH_dsbu_glygrad_linearsearch_fasta_combined_sitePairCount.tsv	proteomic profiling by mass spectrometry	202203_HAHH_dsbu_glygrad_linearsearch_fasta_combined_sitePairCount.tsv	1	66	AC=MS:1002038;NT=label free sample	NT=Q Exactive HF;AC=MS:1002523	NT=Data-dependent acquisition;AC=PRIDE:0000449	NT=Trypsin;AC=MS:1001251	NT=Lys-C;AC=MS:1001309	NT=Carbamidomethyl;AC=UNIMOD:4;TA=C;MT=Fixed	NT=Oxidation;AC=UNIMOD:35;TA=M;MT=Variable	NT=HCD;AC=PRIDE:0000590	not available	not available	not available	not available	chemical cross-linking coupled with mass spectrometry proteomics	NT=DSBU;AC=XLMOD:02043;CL=yes;TA=K,S,T,Y,nterm;MH=85.05;ML=111.03	not available	not available	not available	not available	not available	v1.1.0	NT=ms-proteomics;VV=v1.1.0	NT=crosslinking;VV=v1.0.0	NT=invertebrates;VV=v1.1.0
PXD040705-sample	saccharomyces cerevisiae	not applicable	not applicable	not applicable	not available	not available	1	synthetic	reference	not available	26.4 Å	not available	not available	20220707_hahh_dsbu_linear_combined_H4S47C.fasta	proteomic profiling by mass spectrometry	20220707_hahh_dsbu_linear_combined_H4S47C.fasta	1	67	AC=MS:1002038;NT=label free sample	NT=Q Exactive HF;AC=MS:1002523	NT=Data-dependent acquisition;AC=PRIDE:0000449	NT=Trypsin;AC=MS:1001251	NT=Lys-C;AC=MS:1001309	NT=Carbamidomethyl;AC=UNIMOD:4;TA=C;MT=Fixed	NT=Oxidation;AC=UNIMOD:35;TA=M;MT=Variable	NT=HCD;AC=PRIDE:0000590	not available	not available	not available	not available	chemical cross-linking coupled with mass spectrometry proteomics	NT=DSBU;AC=XLMOD:02043;CL=yes;TA=K,S,T,Y,nterm;MH=85.05;ML=111.03	not available	not available	not available	not available	not available	v1.1.0	NT=ms-proteomics;VV=v1.1.0	NT=crosslinking;VV=v1.0.0	NT=invertebrates;VV=v1.1.0
PXD040705-sample	saccharomyces cerevisiae	not applicable	not applicable	not applicable	not available	not available	1	synthetic	reference	not available	26.4 Å	not available	not available	20220707_hahh_dsbu_linear_combined_H4S47C.xlsx	proteomic profiling by mass spectrometry	20220707_hahh_dsbu_linear_combined_H4S47C.xlsx	1	68	AC=MS:1002038;NT=label free sample	NT=Q Exactive HF;AC=MS:1002523	NT=Data-dependent acquisition;AC=PRIDE:0000449	NT=Trypsin;AC=MS:1001251	NT=Lys-C;AC=MS:1001309	NT=Carbamidomethyl;AC=UNIMOD:4;TA=C;MT=Fixed	NT=Oxidation;AC=UNIMOD:35;TA=M;MT=Variable	NT=HCD;AC=PRIDE:0000590	not available	not available	not available	not available	chemical cross-linking coupled with mass spectrometry proteomics	NT=DSBU;AC=XLMOD:02043;CL=yes;TA=K,S,T,Y,nterm;MH=85.05;ML=111.03	not available	not available	not available	not available	not available	v1.1.0	NT=ms-proteomics;VV=v1.1.0	NT=crosslinking;VV=v1.0.0	NT=invertebrates;VV=v1.1.0
PXD040705-sample	saccharomyces cerevisiae	not applicable	not applicable	not applicable	not available	not available	1	synthetic	reference	not available	26.4 Å	not available	not available	S2B_20191223-hjk-hir2-large-scale-elution-fraction-F1_Proteins.txt	proteomic profiling by mass spectrometry	S2B_20191223-hjk-hir2-large-scale-elution-fraction-F1_Proteins.txt	1	69	AC=MS:1002038;NT=label free sample	NT=Q Exactive HF;AC=MS:1002523	NT=Data-dependent acquisition;AC=PRIDE:0000449	NT=Trypsin;AC=MS:1001251	NT=Lys-C;AC=MS:1001309	NT=Carbamidomethyl;AC=UNIMOD:4;TA=C;MT=Fixed	NT=Oxidation;AC=UNIMOD:35;TA=M;MT=Variable	NT=HCD;AC=PRIDE:0000590	not available	not available	not available	not available	chemical cross-linking coupled with mass spectrometry proteomics	NT=DSBU;AC=XLMOD:02043;CL=yes;TA=K,S,T,Y,nterm;MH=85.05;ML=111.03	not available	not available	not available	not available	not available	v1.1.0	NT=ms-proteomics;VV=v1.1.0	NT=crosslinking;VV=v1.0.0	NT=invertebrates;VV=v1.1.0
PXD040705-sample	saccharomyces cerevisiae	not applicable	not applicable	not applicable	not available	not available	1	synthetic	reference	not available	26.4 Å	not available	not available	S2B_F1_20191223-hjk-hir2-large-scale-elution-fraction-F1	proteomic profiling by mass spectrometry	S2B_F1_20191223-hjk-hir2-large-scale-elution-fraction-F1.raw	1	70	AC=MS:1002038;NT=label free sample	NT=Q Exactive HF;AC=MS:1002523	NT=Data-dependent acquisition;AC=PRIDE:0000449	NT=Trypsin;AC=MS:1001251	NT=Lys-C;AC=MS:1001309	NT=Carbamidomethyl;AC=UNIMOD:4;TA=C;MT=Fixed	NT=Oxidation;AC=UNIMOD:35;TA=M;MT=Variable	NT=HCD;AC=PRIDE:0000590	not available	not available	not available	not available	chemical cross-linking coupled with mass spectrometry proteomics	NT=DSBU;AC=XLMOD:02043;CL=yes;TA=K,S,T,Y,nterm;MH=85.05;ML=111.03	not available	not available	not available	not available	not available	v1.1.0	NT=ms-proteomics;VV=v1.1.0	NT=crosslinking;VV=v1.0.0	NT=invertebrates;VV=v1.1.0
PXD040705-sample	saccharomyces cerevisiae	not applicable	not applicable	not applicable	not available	not available	1	synthetic	reference	not available	26.4 Å	not available	not available	S2B_F2_20191223-hjk-hir2-large-scale-elution-fraction-F1_20191225031035	proteomic profiling by mass spectrometry	S2B_F2_20191223-hjk-hir2-large-scale-elution-fraction-F1_20191225031035.raw	1	71	AC=MS:1002038;NT=label free sample	NT=Q Exactive HF;AC=MS:1002523	NT=Data-dependent acquisition;AC=PRIDE:0000449	NT=Trypsin;AC=MS:1001251	NT=Lys-C;AC=MS:1001309	NT=Carbamidomethyl;AC=UNIMOD:4;TA=C;MT=Fixed	NT=Oxidation;AC=UNIMOD:35;TA=M;MT=Variable	NT=HCD;AC=PRIDE:0000590	not available	not available	not available	not available	chemical cross-linking coupled with mass spectrometry proteomics	NT=DSBU;AC=XLMOD:02043;CL=yes;TA=K,S,T,Y,nterm;MH=85.05;ML=111.03	not available	not available	not available	not available	not available	v1.1.0	NT=ms-proteomics;VV=v1.1.0	NT=crosslinking;VV=v1.0.0	NT=invertebrates;VV=v1.1.0
PXD040705-sample	saccharomyces cerevisiae	not applicable	not applicable	not applicable	not available	not available	1	synthetic	reference	not available	26.4 Å	not available	not available	S2E_20220204_hjk_hir_buffer200_hir_asf1_h34_glygrad_A5	proteomic profiling by mass spectrometry	S2E_20220204_hjk_hir_buffer200_hir_asf1_h34_glygrad_A5.raw	1	72	AC=MS:1002038;NT=label free sample	NT=Q Exactive HF;AC=MS:1002523	NT=Data-dependent acquisition;AC=PRIDE:0000449	NT=Trypsin;AC=MS:1001251	NT=Lys-C;AC=MS:1001309	NT=Carbamidomethyl;AC=UNIMOD:4;TA=C;MT=Fixed	NT=Oxidation;AC=UNIMOD:35;TA=M;MT=Variable	NT=HCD;AC=PRIDE:0000590	not available	not available	not available	not available	chemical cross-linking coupled with mass spectrometry proteomics	NT=DSBU;AC=XLMOD:02043;CL=yes;TA=K,S,T,Y,nterm;MH=85.05;ML=111.03	not available	not available	not available	not available	not available	v1.1.0	NT=ms-proteomics;VV=v1.1.0	NT=crosslinking;VV=v1.0.0	NT=invertebrates;VV=v1.1.0
PXD040705-sample	saccharomyces cerevisiae	not applicable	not applicable	not applicable	not available	not available	1	synthetic	reference	not available	26.4 Å	not available	not available	S2E_20220204_hjk_hir_buffer200_hir_asf1_h34_glygrad_A7	proteomic profiling by mass spectrometry	S2E_20220204_hjk_hir_buffer200_hir_asf1_h34_glygrad_A7.raw	1	73	AC=MS:1002038;NT=label free sample	NT=Q Exactive HF;AC=MS:1002523	NT=Data-dependent acquisition;AC=PRIDE:0000449	NT=Trypsin;AC=MS:1001251	NT=Lys-C;AC=MS:1001309	NT=Carbamidomethyl;AC=UNIMOD:4;TA=C;MT=Fixed	NT=Oxidation;AC=UNIMOD:35;TA=M;MT=Variable	NT=HCD;AC=PRIDE:0000590	not available	not available	not available	not available	chemical cross-linking coupled with mass spectrometry proteomics	NT=DSBU;AC=XLMOD:02043;CL=yes;TA=K,S,T,Y,nterm;MH=85.05;ML=111.03	not available	not available	not available	not available	not available	v1.1.0	NT=ms-proteomics;VV=v1.1.0	NT=crosslinking;VV=v1.0.0	NT=invertebrates;VV=v1.1.0
PXD040705-sample	saccharomyces cerevisiae	not applicable	not applicable	not applicable	not available	not available	1	synthetic	reference	not available	26.4 Å	not available	not available	S2E_20220204_hjk_hir_buffer200_hir_asf1_h34_glygrad_B1	proteomic profiling by mass spectrometry	S2E_20220204_hjk_hir_buffer200_hir_asf1_h34_glygrad_B1.raw	1	74	AC=MS:1002038;NT=label free sample	NT=Q Exactive HF;AC=MS:1002523	NT=Data-dependent acquisition;AC=PRIDE:0000449	NT=Trypsin;AC=MS:1001251	NT=Lys-C;AC=MS:1001309	NT=Carbamidomethyl;AC=UNIMOD:4;TA=C;MT=Fixed	NT=Oxidation;AC=UNIMOD:35;TA=M;MT=Variable	NT=HCD;AC=PRIDE:0000590	not available	not available	not available	not available	chemical cross-linking coupled with mass spectrometry proteomics	NT=DSBU;AC=XLMOD:02043;CL=yes;TA=K,S,T,Y,nterm;MH=85.05;ML=111.03	not available	not available	not available	not available	not available	v1.1.0	NT=ms-proteomics;VV=v1.1.0	NT=crosslinking;VV=v1.0.0	NT=invertebrates;VV=v1.1.0
PXD040705-sample	saccharomyces cerevisiae	not applicable	not applicable	not applicable	not available	not available	1	synthetic	reference	not available	26.4 Å	not available	not available	S2E_20220204_hjk_hir_buffer200_hir_asf1_h34_glygrad_B3	proteomic profiling by mass spectrometry	S2E_20220204_hjk_hir_buffer200_hir_asf1_h34_glygrad_B3.raw	1	75	AC=MS:1002038;NT=label free sample	NT=Q Exactive HF;AC=MS:1002523	NT=Data-dependent acquisition;AC=PRIDE:0000449	NT=Trypsin;AC=MS:1001251	NT=Lys-C;AC=MS:1001309	NT=Carbamidomethyl;AC=UNIMOD:4;TA=C;MT=Fixed	NT=Oxidation;AC=UNIMOD:35;TA=M;MT=Variable	NT=HCD;AC=PRIDE:0000590	not available	not available	not available	not available	chemical cross-linking coupled with mass spectrometry proteomics	NT=DSBU;AC=XLMOD:02043;CL=yes;TA=K,S,T,Y,nterm;MH=85.05;ML=111.03	not available	not available	not available	not available	not available	v1.1.0	NT=ms-proteomics;VV=v1.1.0	NT=crosslinking;VV=v1.0.0	NT=invertebrates;VV=v1.1.0
PXD040705-sample	saccharomyces cerevisiae	not applicable	not applicable	not applicable	not available	not available	1	synthetic	reference	not available	26.4 Å	not available	not available	S2E_20220206_hjk_hir_asf1_h34_glygrad_lowimpute_top5_uniqueOnly_200only_Proteins.txt	proteomic profiling by mass spectrometry	S2E_20220206_hjk_hir_asf1_h34_glygrad_lowimpute_top5_uniqueOnly_200only_Proteins.txt	1	76	AC=MS:1002038;NT=label free sample	NT=Q Exactive HF;AC=MS:1002523	NT=Data-dependent acquisition;AC=PRIDE:0000449	NT=Trypsin;AC=MS:1001251	NT=Lys-C;AC=MS:1001309	NT=Carbamidomethyl;AC=UNIMOD:4;TA=C;MT=Fixed	NT=Oxidation;AC=UNIMOD:35;TA=M;MT=Variable	NT=HCD;AC=PRIDE:0000590	not available	not available	not available	not available	chemical cross-linking coupled with mass spectrometry proteomics	NT=DSBU;AC=XLMOD:02043;CL=yes;TA=K,S,T,Y,nterm;MH=85.05;ML=111.03	not available	not available	not available	not available	not available	v1.1.0	NT=ms-proteomics;VV=v1.1.0	NT=crosslinking;VV=v1.0.0	NT=invertebrates;VV=v1.1.0
PXD040705-sample	saccharomyces cerevisiae	not applicable	not applicable	not applicable	not available	not available	1	synthetic	reference	not available	26.4 Å	not available	not available	S2_UP000002311_559292_yeast_2018_04.fasta	proteomic profiling by mass spectrometry	S2_UP000002311_559292_yeast_2018_04.fasta	1	77	AC=MS:1002038;NT=label free sample	NT=Q Exactive HF;AC=MS:1002523	NT=Data-dependent acquisition;AC=PRIDE:0000449	NT=Trypsin;AC=MS:1001251	NT=Lys-C;AC=MS:1001309	NT=Carbamidomethyl;AC=UNIMOD:4;TA=C;MT=Fixed	NT=Oxidation;AC=UNIMOD:35;TA=M;MT=Variable	NT=HCD;AC=PRIDE:0000590	not available	not available	not available	not available	chemical cross-linking coupled with mass spectrometry proteomics	NT=DSBU;AC=XLMOD:02043;CL=yes;TA=K,S,T,Y,nterm;MH=85.05;ML=111.03	not available	not available	not available	not available	not available	v1.1.0	NT=ms-proteomics;VV=v1.1.0	NT=crosslinking;VV=v1.0.0	NT=invertebrates;VV=v1.1.0
PXD040705-sample	saccharomyces cerevisiae	not applicable	not applicable	not applicable	not available	not available	1	synthetic	reference	not available	26.4 Å	not available	not available	S2_contaminants.fasta	proteomic profiling by mass spectrometry	S2_contaminants.fasta	1	78	AC=MS:1002038;NT=label free sample	NT=Q Exactive HF;AC=MS:1002523	NT=Data-dependent acquisition;AC=PRIDE:0000449	NT=Trypsin;AC=MS:1001251	NT=Lys-C;AC=MS:1001309	NT=Carbamidomethyl;AC=UNIMOD:4;TA=C;MT=Fixed	NT=Oxidation;AC=UNIMOD:35;TA=M;MT=Variable	NT=HCD;AC=PRIDE:0000590	not available	not available	not available	not available	chemical cross-linking coupled with mass spectrometry proteomics	NT=DSBU;AC=XLMOD:02043;CL=yes;TA=K,S,T,Y,nterm;MH=85.05;ML=111.03	not available	not available	not available	not available	not available	v1.1.0	NT=ms-proteomics;VV=v1.1.0	NT=crosslinking;VV=v1.0.0	NT=invertebrates;VV=v1.1.0
PXD040705-sample	saccharomyces cerevisiae	not applicable	not applicable	not applicable	not available	not available	1	synthetic	reference	not available	26.4 Å	not available	not available	checksum.txt	proteomic profiling by mass spectrometry	checksum.txt	1	79	AC=MS:1002038;NT=label free sample	NT=Q Exactive HF;AC=MS:1002523	NT=Data-dependent acquisition;AC=PRIDE:0000449	NT=Trypsin;AC=MS:1001251	NT=Lys-C;AC=MS:1001309	NT=Carbamidomethyl;AC=UNIMOD:4;TA=C;MT=Fixed	NT=Oxidation;AC=UNIMOD:35;TA=M;MT=Variable	NT=HCD;AC=PRIDE:0000590	not available	not available	not available	not available	chemical cross-linking coupled with mass spectrometry proteomics	NT=DSBU;AC=XLMOD:02043;CL=yes;TA=K,S,T,Y,nterm;MH=85.05;ML=111.03	not available	not available	not available	not available	not available	v1.1.0	NT=ms-proteomics;VV=v1.1.0	NT=crosslinking;VV=v1.0.0	NT=invertebrates;VV=v1.1.0
