source name	characteristics[organism]	characteristics[organism part]	characteristics[age]	characteristics[developmental stage]	characteristics[sex]	characteristics[disease]	characteristics[cell type]	characteristics[cell line]	characteristics[individual]	characteristics[treatment]	characteristics[biological replicate]	characteristics[ancestry category]	characteristics[material type]	assay name	technology type	comment[file uri]	comment[fractionation method]	comment[fraction identifier]	comment[proteomics data acquisition method]	comment[data file]	comment[label]	comment[technical replicate]	comment[instrument]	comment[modification parameters]	comment[modification parameters]	comment[modification parameters]	comment[modification parameters]	comment[modification parameters]	comment[cleavage agent details]	comment[dissociation method]	comment[collision energy]	comment[precursor mass tolerance]	comment[fragment mass tolerance]	comment[sdrf version]	comment[sdrf template]	factor value[treatment]
Sample 1	Homo sapiens	Bone	15Y	not available	female	Osteosarcoma	Human Bone Osteosarcoma Epithelial Cells	U2OS Cell line	not available	0h_Site_level	1	Caucasian	Cell line	run 1	proteomic profiling by mass spectrometry	https://ftp.pride.ebi.ac.uk/pride/data/archive/2015/03/PXD001736/q100811a.raw	no fraction	1	NT=data-dependent acquisition;AC=PRIDE:0000627	q100811a.raw	AC=MS:1002038;NT=label free sample	1	AC=MS:1002523;NT=Q Exactive HF	NT=Carbamidomethyl;AC=UNIMOD:4;TA=C;MT=Fixed	NT=Acetyl;AC=UNIMOD:1;PP=PP=Any N-term;MT=Variable	NT=Oxidation ; TA=M ;AC=UNIMOD:35 ;MT=Variable	NT = Sumoylation ;AC=UNIMOD:877;TA=K;MT=Variable	NT = Phosphorylation ;AC=UNIMOD:21;TA= S,T,Y;MT=Variable	AC=MS:1001251;NT=Trypsin	AC=MS:1000422;NT=HCD	25% NCE	6 ppm	20 ppm	v1.1.0	NT=ms-proteomics;VV=v1.1.0	0h_Site_level
Sample 1	Homo sapiens	Bone	15Y	not available	female	Osteosarcoma	Human Bone Osteosarcoma Epithelial Cells	U2OS Cell line	not available	0h_Site_level	1	Caucasian	Cell line	run 2	proteomic profiling by mass spectrometry	https://ftp.pride.ebi.ac.uk/pride/data/archive/2015/03/PXD001736/q100811b.raw	no fraction	1	NT=data-dependent acquisition;AC=PRIDE:0000627	q100811b.raw	AC=MS:1002038;NT=label free sample	2	AC=MS:1002523;NT=Q Exactive HF	NT=Carbamidomethyl;AC=UNIMOD:4;TA=C;MT=Fixed	NT=Acetyl;AC=UNIMOD:1;PP=PP=Any N-term;MT=Variable	NT=Oxidation ; TA=M ;AC=UNIMOD:35 ;MT=Variable	NT = Sumoylation ;AC=UNIMOD:877;TA=K;MT=Variable	NT = Phosphorylation ;AC=UNIMOD:21;TA= S,T,Y;MT=Variable	AC=MS:1001251;NT=Trypsin	AC=MS:1000422;NT=HCD	25% NCE	6 ppm	20 ppm	v1.1.0	NT=ms-proteomics;VV=v1.1.0	0h_Site_level
Sample 2	Homo sapiens	Bone	15Y	not available	female	Osteosarcoma	Human Bone Osteosarcoma Epithelial Cells	U2OS Cell line	not available	0h_Site_level	2	Caucasian	Cell line	run 3	proteomic profiling by mass spectrometry	https://ftp.pride.ebi.ac.uk/pride/data/archive/2015/03/PXD001736/q100904a.raw	no fraction	1	NT=data-dependent acquisition;AC=PRIDE:0000627	q100904a.raw	AC=MS:1002038;NT=label free sample	1	AC=MS:1002523;NT=Q Exactive HF	NT=Carbamidomethyl;AC=UNIMOD:4;TA=C;MT=Fixed	NT=Acetyl;AC=UNIMOD:1;PP=PP=Any N-term;MT=Variable	NT=Oxidation ; TA=M ;AC=UNIMOD:35 ;MT=Variable	NT = Sumoylation ;AC=UNIMOD:877;TA=K;MT=Variable	NT = Phosphorylation ;AC=UNIMOD:21;TA= S,T,Y;MT=Variable	AC=MS:1001251;NT=Trypsin	AC=MS:1000422;NT=HCD	25% NCE	6 ppm	20 ppm	v1.1.0	NT=ms-proteomics;VV=v1.1.0	0h_Site_level
Sample 2	Homo sapiens	Bone	15Y	not available	female	Osteosarcoma	Human Bone Osteosarcoma Epithelial Cells	U2OS Cell line	not available	0h_Site_level	2	Caucasian	Cell line	run 4	proteomic profiling by mass spectrometry	https://ftp.pride.ebi.ac.uk/pride/data/archive/2015/03/PXD001736/q100904b.raw	no fraction	1	NT=data-dependent acquisition;AC=PRIDE:0000627	q100904b.raw	AC=MS:1002038;NT=label free sample	2	AC=MS:1002523;NT=Q Exactive HF	NT=Carbamidomethyl;AC=UNIMOD:4;TA=C;MT=Fixed	NT=Acetyl;AC=UNIMOD:1;PP=PP=Any N-term;MT=Variable	NT=Oxidation ; TA=M ;AC=UNIMOD:35 ;MT=Variable	NT = Sumoylation ;AC=UNIMOD:877;TA=K;MT=Variable	NT = Phosphorylation ;AC=UNIMOD:21;TA= S,T,Y;MT=Variable	AC=MS:1001251;NT=Trypsin	AC=MS:1000422;NT=HCD	25% NCE	6 ppm	20 ppm	v1.1.0	NT=ms-proteomics;VV=v1.1.0	0h_Site_level
Sample 3	Homo sapiens	Bone	15Y	not available	female	Osteosarcoma	Human Bone Osteosarcoma Epithelial Cells	U2OS Cell line	not available	0h_Site_level	3	Caucasian	Cell line	run 5	proteomic profiling by mass spectrometry	https://ftp.pride.ebi.ac.uk/pride/data/archive/2015/03/PXD001736/q100907a.raw	no fraction	1	NT=data-dependent acquisition;AC=PRIDE:0000627	q100907a.raw	AC=MS:1002038;NT=label free sample	1	AC=MS:1002523;NT=Q Exactive HF	NT=Carbamidomethyl;AC=UNIMOD:4;TA=C;MT=Fixed	NT=Acetyl;AC=UNIMOD:1;PP=PP=Any N-term;MT=Variable	NT=Oxidation ; TA=M ;AC=UNIMOD:35 ;MT=Variable	NT = Sumoylation ;AC=UNIMOD:877;TA=K;MT=Variable	NT = Phosphorylation ;AC=UNIMOD:21;TA= S,T,Y;MT=Variable	AC=MS:1001251;NT=Trypsin	AC=MS:1000422;NT=HCD	25% NCE	6 ppm	20 ppm	v1.1.0	NT=ms-proteomics;VV=v1.1.0	0h_Site_level
Sample 3	Homo sapiens	Bone	15Y	not available	female	Osteosarcoma	Human Bone Osteosarcoma Epithelial Cells	U2OS Cell line	not available	0h_Site_level	3	Caucasian	Cell line	run 6	proteomic profiling by mass spectrometry	https://ftp.pride.ebi.ac.uk/pride/data/archive/2015/03/PXD001736/q100907b.raw	no fraction	1	NT=data-dependent acquisition;AC=PRIDE:0000627	q100907b.raw	AC=MS:1002038;NT=label free sample	2	AC=MS:1002523;NT=Q Exactive HF	NT=Carbamidomethyl;AC=UNIMOD:4;TA=C;MT=Fixed	NT=Acetyl;AC=UNIMOD:1;PP=PP=Any N-term;MT=Variable	NT=Oxidation ; TA=M ;AC=UNIMOD:35 ;MT=Variable	NT = Sumoylation ;AC=UNIMOD:877;TA=K;MT=Variable	NT = Phosphorylation ;AC=UNIMOD:21;TA= S,T,Y;MT=Variable	AC=MS:1001251;NT=Trypsin	AC=MS:1000422;NT=HCD	25% NCE	6 ppm	20 ppm	v1.1.0	NT=ms-proteomics;VV=v1.1.0	0h_Site_level
Sample 4	Homo sapiens	Bone	15Y	not available	female	Osteosarcoma	Human Bone Osteosarcoma Epithelial Cells	U2OS Cell line	not available	0h_Site_level	4	Caucasian	Cell line	run 7	proteomic profiling by mass spectrometry	https://ftp.pride.ebi.ac.uk/pride/data/archive/2015/03/PXD001736/q100910a.raw	no fraction	1	NT=data-dependent acquisition;AC=PRIDE:0000627	q100910a.raw	AC=MS:1002038;NT=label free sample	1	AC=MS:1002523;NT=Q Exactive HF	NT=Carbamidomethyl;AC=UNIMOD:4;TA=C;MT=Fixed	NT=Acetyl;AC=UNIMOD:1;PP=PP=Any N-term;MT=Variable	NT=Oxidation ; TA=M ;AC=UNIMOD:35 ;MT=Variable	NT = Sumoylation ;AC=UNIMOD:877;TA=K;MT=Variable	NT = Phosphorylation ;AC=UNIMOD:21;TA= S,T,Y;MT=Variable	AC=MS:1001251;NT=Trypsin	AC=MS:1000422;NT=HCD	25% NCE	6 ppm	20 ppm	v1.1.0	NT=ms-proteomics;VV=v1.1.0	0h_Site_level
Sample 4	Homo sapiens	Bone	15Y	not available	female	Osteosarcoma	Human Bone Osteosarcoma Epithelial Cells	U2OS Cell line	not available	0h_Site_level	4	Caucasian	Cell line	run 8	proteomic profiling by mass spectrometry	https://ftp.pride.ebi.ac.uk/pride/data/archive/2015/03/PXD001736/q100910b.raw	no fraction	1	NT=data-dependent acquisition;AC=PRIDE:0000627	q100910b.raw	AC=MS:1002038;NT=label free sample	2	AC=MS:1002523;NT=Q Exactive HF	NT=Carbamidomethyl;AC=UNIMOD:4;TA=C;MT=Fixed	NT=Acetyl;AC=UNIMOD:1;PP=PP=Any N-term;MT=Variable	NT=Oxidation ; TA=M ;AC=UNIMOD:35 ;MT=Variable	NT = Sumoylation ;AC=UNIMOD:877;TA=K;MT=Variable	NT = Phosphorylation ;AC=UNIMOD:21;TA= S,T,Y;MT=Variable	AC=MS:1001251;NT=Trypsin	AC=MS:1000422;NT=HCD	25% NCE	6 ppm	20 ppm	v1.1.0	NT=ms-proteomics;VV=v1.1.0	0h_Site_level
Sample 5	Homo sapiens	Bone	15Y	not available	female	Osteosarcoma	Human Bone Osteosarcoma Epithelial Cells	U2OS Cell line	not available	2h_Site_level	1	Caucasian	Cell line	run 9	proteomic profiling by mass spectrometry	https://ftp.pride.ebi.ac.uk/pride/data/archive/2015/03/PXD001736/q100812a.raw	no fraction	1	NT=data-dependent acquisition;AC=PRIDE:0000627	q100812a.raw	AC=MS:1002038;NT=label free sample	1	AC=MS:1002523;NT=Q Exactive HF	NT=Carbamidomethyl;AC=UNIMOD:4;TA=C;MT=Fixed	NT=Acetyl;AC=UNIMOD:1;PP=PP=Any N-term;MT=Variable	NT=Oxidation ; TA=M ;AC=UNIMOD:35 ;MT=Variable	NT = Sumoylation ;AC=UNIMOD:877;TA=K;MT=Variable	NT = Phosphorylation ;AC=UNIMOD:21;TA= S,T,Y;MT=Variable	AC=MS:1001251;NT=Trypsin	AC=MS:1000422;NT=HCD	25% NCE	6 ppm	20 ppm	v1.1.0	NT=ms-proteomics;VV=v1.1.0	2h_Site_level
Sample 5	Homo sapiens	Bone	15Y	not available	female	Osteosarcoma	Human Bone Osteosarcoma Epithelial Cells	U2OS Cell line	not available	2h_Site_level	1	Caucasian	Cell line	run 10	proteomic profiling by mass spectrometry	https://ftp.pride.ebi.ac.uk/pride/data/archive/2015/03/PXD001736/q100812b.raw	no fraction	1	NT=data-dependent acquisition;AC=PRIDE:0000627	q100812b.raw	AC=MS:1002038;NT=label free sample	2	AC=MS:1002523;NT=Q Exactive HF	NT=Carbamidomethyl;AC=UNIMOD:4;TA=C;MT=Fixed	NT=Acetyl;AC=UNIMOD:1;PP=PP=Any N-term;MT=Variable	NT=Oxidation ; TA=M ;AC=UNIMOD:35 ;MT=Variable	NT = Sumoylation ;AC=UNIMOD:877;TA=K;MT=Variable	NT = Phosphorylation ;AC=UNIMOD:21;TA= S,T,Y;MT=Variable	AC=MS:1001251;NT=Trypsin	AC=MS:1000422;NT=HCD	25% NCE	6 ppm	20 ppm	v1.1.0	NT=ms-proteomics;VV=v1.1.0	2h_Site_level
Sample 6	Homo sapiens	Bone	15Y	not available	female	Osteosarcoma	Human Bone Osteosarcoma Epithelial Cells	U2OS Cell line	not available	2h_Site_level	2	Caucasian	Cell line	run 11	proteomic profiling by mass spectrometry	https://ftp.pride.ebi.ac.uk/pride/data/archive/2015/03/PXD001736/q100905a.raw	no fraction	1	NT=data-dependent acquisition;AC=PRIDE:0000627	q100905a.raw	AC=MS:1002038;NT=label free sample	1	AC=MS:1002523;NT=Q Exactive HF	NT=Carbamidomethyl;AC=UNIMOD:4;TA=C;MT=Fixed	NT=Acetyl;AC=UNIMOD:1;PP=PP=Any N-term;MT=Variable	NT=Oxidation ; TA=M ;AC=UNIMOD:35 ;MT=Variable	NT = Sumoylation ;AC=UNIMOD:877;TA=K;MT=Variable	NT = Phosphorylation ;AC=UNIMOD:21;TA= S,T,Y;MT=Variable	AC=MS:1001251;NT=Trypsin	AC=MS:1000422;NT=HCD	25% NCE	6 ppm	20 ppm	v1.1.0	NT=ms-proteomics;VV=v1.1.0	2h_Site_level
Sample 6	Homo sapiens	Bone	15Y	not available	female	Osteosarcoma	Human Bone Osteosarcoma Epithelial Cells	U2OS Cell line	not available	2h_Site_level	2	Caucasian	Cell line	run 12	proteomic profiling by mass spectrometry	https://ftp.pride.ebi.ac.uk/pride/data/archive/2015/03/PXD001736/q100905b.raw	no fraction	1	NT=data-dependent acquisition;AC=PRIDE:0000627	q100905b.raw	AC=MS:1002038;NT=label free sample	2	AC=MS:1002523;NT=Q Exactive HF	NT=Carbamidomethyl;AC=UNIMOD:4;TA=C;MT=Fixed	NT=Acetyl;AC=UNIMOD:1;PP=PP=Any N-term;MT=Variable	NT=Oxidation ; TA=M ;AC=UNIMOD:35 ;MT=Variable	NT = Sumoylation ;AC=UNIMOD:877;TA=K;MT=Variable	NT = Phosphorylation ;AC=UNIMOD:21;TA= S,T,Y;MT=Variable	AC=MS:1001251;NT=Trypsin	AC=MS:1000422;NT=HCD	25% NCE	6 ppm	20 ppm	v1.1.0	NT=ms-proteomics;VV=v1.1.0	2h_Site_level
Sample 7	Homo sapiens	Bone	15Y	not available	female	Osteosarcoma	Human Bone Osteosarcoma Epithelial Cells	U2OS Cell line	not available	2h_Site_level	3	Caucasian	Cell line	run 13	proteomic profiling by mass spectrometry	https://ftp.pride.ebi.ac.uk/pride/data/archive/2015/03/PXD001736/q100908a.raw	no fraction	1	NT=data-dependent acquisition;AC=PRIDE:0000627	q100908a.raw	AC=MS:1002038;NT=label free sample	1	AC=MS:1002523;NT=Q Exactive HF	NT=Carbamidomethyl;AC=UNIMOD:4;TA=C;MT=Fixed	NT=Acetyl;AC=UNIMOD:1;PP=PP=Any N-term;MT=Variable	NT=Oxidation ; TA=M ;AC=UNIMOD:35 ;MT=Variable	NT = Sumoylation ;AC=UNIMOD:877;TA=K;MT=Variable	NT = Phosphorylation ;AC=UNIMOD:21;TA= S,T,Y;MT=Variable	AC=MS:1001251;NT=Trypsin	AC=MS:1000422;NT=HCD	25% NCE	6 ppm	20 ppm	v1.1.0	NT=ms-proteomics;VV=v1.1.0	2h_Site_level
Sample 7	Homo sapiens	Bone	15Y	not available	female	Osteosarcoma	Human Bone Osteosarcoma Epithelial Cells	U2OS Cell line	not available	2h_Site_level	3	Caucasian	Cell line	run 14	proteomic profiling by mass spectrometry	https://ftp.pride.ebi.ac.uk/pride/data/archive/2015/03/PXD001736/q100908b.raw	no fraction	1	NT=data-dependent acquisition;AC=PRIDE:0000627	q100908b.raw	AC=MS:1002038;NT=label free sample	2	AC=MS:1002523;NT=Q Exactive HF	NT=Carbamidomethyl;AC=UNIMOD:4;TA=C;MT=Fixed	NT=Acetyl;AC=UNIMOD:1;PP=PP=Any N-term;MT=Variable	NT=Oxidation ; TA=M ;AC=UNIMOD:35 ;MT=Variable	NT = Sumoylation ;AC=UNIMOD:877;TA=K;MT=Variable	NT = Phosphorylation ;AC=UNIMOD:21;TA= S,T,Y;MT=Variable	AC=MS:1001251;NT=Trypsin	AC=MS:1000422;NT=HCD	25% NCE	6 ppm	20 ppm	v1.1.0	NT=ms-proteomics;VV=v1.1.0	2h_Site_level
Sample 8	Homo sapiens	Bone	15Y	not available	female	Osteosarcoma	Human Bone Osteosarcoma Epithelial Cells	U2OS Cell line	not available	2h_Site_level	4	Caucasian	Cell line	run 15	proteomic profiling by mass spectrometry	https://ftp.pride.ebi.ac.uk/pride/data/archive/2015/03/PXD001736/q100911a.raw	no fraction	1	NT=data-dependent acquisition;AC=PRIDE:0000627	q100911a.raw	AC=MS:1002038;NT=label free sample	1	AC=MS:1002523;NT=Q Exactive HF	NT=Carbamidomethyl;AC=UNIMOD:4;TA=C;MT=Fixed	NT=Acetyl;AC=UNIMOD:1;PP=PP=Any N-term;MT=Variable	NT=Oxidation ; TA=M ;AC=UNIMOD:35 ;MT=Variable	NT = Sumoylation ;AC=UNIMOD:877;TA=K;MT=Variable	NT = Phosphorylation ;AC=UNIMOD:21;TA= S,T,Y;MT=Variable	AC=MS:1001251;NT=Trypsin	AC=MS:1000422;NT=HCD	25% NCE	6 ppm	20 ppm	v1.1.0	NT=ms-proteomics;VV=v1.1.0	2h_Site_level
Sample 8	Homo sapiens	Bone	15Y	not available	female	Osteosarcoma	Human Bone Osteosarcoma Epithelial Cells	U2OS Cell line	not available	2h_Site_level	4	Caucasian	Cell line	run 16	proteomic profiling by mass spectrometry	https://ftp.pride.ebi.ac.uk/pride/data/archive/2015/03/PXD001736/q100911b.raw	no fraction	1	NT=data-dependent acquisition;AC=PRIDE:0000627	q100911b.raw	AC=MS:1002038;NT=label free sample	2	AC=MS:1002523;NT=Q Exactive HF	NT=Carbamidomethyl;AC=UNIMOD:4;TA=C;MT=Fixed	NT=Acetyl;AC=UNIMOD:1;PP=PP=Any N-term;MT=Variable	NT=Oxidation ; TA=M ;AC=UNIMOD:35 ;MT=Variable	NT = Sumoylation ;AC=UNIMOD:877;TA=K;MT=Variable	NT = Phosphorylation ;AC=UNIMOD:21;TA= S,T,Y;MT=Variable	AC=MS:1001251;NT=Trypsin	AC=MS:1000422;NT=HCD	25% NCE	6 ppm	20 ppm	v1.1.0	NT=ms-proteomics;VV=v1.1.0	2h_Site_level
Sample 9	Homo sapiens	Bone	15Y	not available	female	Osteosarcoma	Human Bone Osteosarcoma Epithelial Cells	U2OS Cell line	not available	24h_Site_level	1	Caucasian	Cell line	run 17	proteomic profiling by mass spectrometry	https://ftp.pride.ebi.ac.uk/pride/data/archive/2015/03/PXD001736/q100813a.raw	no fraction	1	NT=data-dependent acquisition;AC=PRIDE:0000627	q100813a.raw	AC=MS:1002038;NT=label free sample	1	AC=MS:1002523;NT=Q Exactive HF	NT=Carbamidomethyl;AC=UNIMOD:4;TA=C;MT=Fixed	NT=Acetyl;AC=UNIMOD:1;PP=PP=Any N-term;MT=Variable	NT=Oxidation ; TA=M ;AC=UNIMOD:35 ;MT=Variable	NT = Sumoylation ;AC=UNIMOD:877;TA=K;MT=Variable	NT = Phosphorylation ;AC=UNIMOD:21;TA= S,T,Y;MT=Variable	AC=MS:1001251;NT=Trypsin	AC=MS:1000422;NT=HCD	25% NCE	6 ppm	20 ppm	v1.1.0	NT=ms-proteomics;VV=v1.1.0	24h_Site_level
Sample 9	Homo sapiens	Bone	15Y	not available	female	Osteosarcoma	Human Bone Osteosarcoma Epithelial Cells	U2OS Cell line	not available	24h_Site_level	1	Caucasian	Cell line	run 18	proteomic profiling by mass spectrometry	https://ftp.pride.ebi.ac.uk/pride/data/archive/2015/03/PXD001736/q100813b.raw	no fraction	1	NT=data-dependent acquisition;AC=PRIDE:0000627	q100813b.raw	AC=MS:1002038;NT=label free sample	2	AC=MS:1002523;NT=Q Exactive HF	NT=Carbamidomethyl;AC=UNIMOD:4;TA=C;MT=Fixed	NT=Acetyl;AC=UNIMOD:1;PP=PP=Any N-term;MT=Variable	NT=Oxidation ; TA=M ;AC=UNIMOD:35 ;MT=Variable	NT = Sumoylation ;AC=UNIMOD:877;TA=K;MT=Variable	NT = Phosphorylation ;AC=UNIMOD:21;TA= S,T,Y;MT=Variable	AC=MS:1001251;NT=Trypsin	AC=MS:1000422;NT=HCD	25% NCE	6 ppm	20 ppm	v1.1.0	NT=ms-proteomics;VV=v1.1.0	24h_Site_level
Sample 10	Homo sapiens	Bone	15Y	not available	female	Osteosarcoma	Human Bone Osteosarcoma Epithelial Cells	U2OS Cell line	not available	24h_Site_level	2	Caucasian	Cell line	run 19	proteomic profiling by mass spectrometry	https://ftp.pride.ebi.ac.uk/pride/data/archive/2015/03/PXD001736/q100906a.raw	no fraction	1	NT=data-dependent acquisition;AC=PRIDE:0000627	q100906a.raw	AC=MS:1002038;NT=label free sample	1	AC=MS:1002523;NT=Q Exactive HF	NT=Carbamidomethyl;AC=UNIMOD:4;TA=C;MT=Fixed	NT=Acetyl;AC=UNIMOD:1;PP=PP=Any N-term;MT=Variable	NT=Oxidation ; TA=M ;AC=UNIMOD:35 ;MT=Variable	NT = Sumoylation ;AC=UNIMOD:877;TA=K;MT=Variable	NT = Phosphorylation ;AC=UNIMOD:21;TA= S,T,Y;MT=Variable	AC=MS:1001251;NT=Trypsin	AC=MS:1000422;NT=HCD	25% NCE	6 ppm	20 ppm	v1.1.0	NT=ms-proteomics;VV=v1.1.0	24h_Site_level
Sample 10	Homo sapiens	Bone	15Y	not available	female	Osteosarcoma	Human Bone Osteosarcoma Epithelial Cells	U2OS Cell line	not available	24h_Site_level	2	Caucasian	Cell line	run 20	proteomic profiling by mass spectrometry	https://ftp.pride.ebi.ac.uk/pride/data/archive/2015/03/PXD001736/q100906b.raw	no fraction	1	NT=data-dependent acquisition;AC=PRIDE:0000627	q100906b.raw	AC=MS:1002038;NT=label free sample	2	AC=MS:1002523;NT=Q Exactive HF	NT=Carbamidomethyl;AC=UNIMOD:4;TA=C;MT=Fixed	NT=Acetyl;AC=UNIMOD:1;PP=PP=Any N-term;MT=Variable	NT=Oxidation ; TA=M ;AC=UNIMOD:35 ;MT=Variable	NT = Sumoylation ;AC=UNIMOD:877;TA=K;MT=Variable	NT = Phosphorylation ;AC=UNIMOD:21;TA= S,T,Y;MT=Variable	AC=MS:1001251;NT=Trypsin	AC=MS:1000422;NT=HCD	25% NCE	6 ppm	20 ppm	v1.1.0	NT=ms-proteomics;VV=v1.1.0	24h_Site_level
Sample 11	Homo sapiens	Bone	15Y	not available	female	Osteosarcoma	Human Bone Osteosarcoma Epithelial Cells	U2OS Cell line	not available	24h_Site_level	3	Caucasian	Cell line	run 21	proteomic profiling by mass spectrometry	https://ftp.pride.ebi.ac.uk/pride/data/archive/2015/03/PXD001736/q100909a.raw	no fraction	1	NT=data-dependent acquisition;AC=PRIDE:0000627	q100909a.raw	AC=MS:1002038;NT=label free sample	1	AC=MS:1002523;NT=Q Exactive HF	NT=Carbamidomethyl;AC=UNIMOD:4;TA=C;MT=Fixed	NT=Acetyl;AC=UNIMOD:1;PP=PP=Any N-term;MT=Variable	NT=Oxidation ; TA=M ;AC=UNIMOD:35 ;MT=Variable	NT = Sumoylation ;AC=UNIMOD:877;TA=K;MT=Variable	NT = Phosphorylation ;AC=UNIMOD:21;TA= S,T,Y;MT=Variable	AC=MS:1001251;NT=Trypsin	AC=MS:1000422;NT=HCD	25% NCE	6 ppm	20 ppm	v1.1.0	NT=ms-proteomics;VV=v1.1.0	24h_Site_level
Sample 11	Homo sapiens	Bone	15Y	not available	female	Osteosarcoma	Human Bone Osteosarcoma Epithelial Cells	U2OS Cell line	not available	24h_Site_level	3	Caucasian	Cell line	run 22	proteomic profiling by mass spectrometry	https://ftp.pride.ebi.ac.uk/pride/data/archive/2015/03/PXD001736/q100909b.raw	no fraction	1	NT=data-dependent acquisition;AC=PRIDE:0000627	q100909b.raw	AC=MS:1002038;NT=label free sample	2	AC=MS:1002523;NT=Q Exactive HF	NT=Carbamidomethyl;AC=UNIMOD:4;TA=C;MT=Fixed	NT=Acetyl;AC=UNIMOD:1;PP=PP=Any N-term;MT=Variable	NT=Oxidation ; TA=M ;AC=UNIMOD:35 ;MT=Variable	NT = Sumoylation ;AC=UNIMOD:877;TA=K;MT=Variable	NT = Phosphorylation ;AC=UNIMOD:21;TA= S,T,Y;MT=Variable	AC=MS:1001251;NT=Trypsin	AC=MS:1000422;NT=HCD	25% NCE	6 ppm	20 ppm	v1.1.0	NT=ms-proteomics;VV=v1.1.0	24h_Site_level
Sample 12	Homo sapiens	Bone	15Y	not available	female	Osteosarcoma	Human Bone Osteosarcoma Epithelial Cells	U2OS Cell line	not available	24h_Site_level	4	Caucasian	Cell line	run 23	proteomic profiling by mass spectrometry	https://ftp.pride.ebi.ac.uk/pride/data/archive/2015/03/PXD001736/q100912a.raw	no fraction	1	NT=data-dependent acquisition;AC=PRIDE:0000627	q100912a.raw	AC=MS:1002038;NT=label free sample	1	AC=MS:1002523;NT=Q Exactive HF	NT=Carbamidomethyl;AC=UNIMOD:4;TA=C;MT=Fixed	NT=Acetyl;AC=UNIMOD:1;PP=PP=Any N-term;MT=Variable	NT=Oxidation ; TA=M ;AC=UNIMOD:35 ;MT=Variable	NT = Sumoylation ;AC=UNIMOD:877;TA=K;MT=Variable	NT = Phosphorylation ;AC=UNIMOD:21;TA= S,T,Y;MT=Variable	AC=MS:1001251;NT=Trypsin	AC=MS:1000422;NT=HCD	25% NCE	6 ppm	20 ppm	v1.1.0	NT=ms-proteomics;VV=v1.1.0	24h_Site_level
Sample 12	Homo sapiens	Bone	15Y	not available	female	Osteosarcoma	Human Bone Osteosarcoma Epithelial Cells	U2OS Cell line	not available	24h_Site_level	4	Caucasian	Cell line	run 24	proteomic profiling by mass spectrometry	https://ftp.pride.ebi.ac.uk/pride/data/archive/2015/03/PXD001736/q100912b.raw	no fraction	1	NT=data-dependent acquisition;AC=PRIDE:0000627	q100912b.raw	AC=MS:1002038;NT=label free sample	2	AC=MS:1002523;NT=Q Exactive HF	NT=Carbamidomethyl;AC=UNIMOD:4;TA=C;MT=Fixed	NT=Acetyl;AC=UNIMOD:1;PP=PP=Any N-term;MT=Variable	NT=Oxidation ; TA=M ;AC=UNIMOD:35 ;MT=Variable	NT = Sumoylation ;AC=UNIMOD:877;TA=K;MT=Variable	NT = Phosphorylation ;AC=UNIMOD:21;TA= S,T,Y;MT=Variable	AC=MS:1001251;NT=Trypsin	AC=MS:1000422;NT=HCD	25% NCE	6 ppm	20 ppm	v1.1.0	NT=ms-proteomics;VV=v1.1.0	24h_Site_level
Sample 13	Homo sapiens	Bone	15Y	not available	female	Osteosarcoma	Human Bone Osteosarcoma Epithelial Cells	U2OS Cell line	not available	Control	1	Caucasian	Cell line	run 25	proteomic profiling by mass spectrometry	https://ftp.pride.ebi.ac.uk/pride/data/archive/2015/03/PXD001736/20140206_QE_UP_U2OS_01a.raw	no fraction	1	NT=data-dependent acquisition;AC=PRIDE:0000627	20140206_QE_UP_U2OS_01a.raw	AC=MS:1002038;NT=label free sample	1	AC=MS:1002523;NT=Q Exactive HF	NT=Carbamidomethyl;AC=UNIMOD:4;TA=C;MT=Fixed	NT=Acetyl;AC=UNIMOD:1;PP=PP=Any N-term;MT=Variable	NT=Oxidation ; TA=M ;AC=UNIMOD:35 ;MT=Variable	NT = Sumoylation ;AC=UNIMOD:877;TA=K;MT=Variable	NT = Phosphorylation ;AC=UNIMOD:21;TA= S,T,Y;MT=Variable	AC=MS:1001251;NT=Trypsin	AC=MS:1000422;NT=HCD	25% NCE	6 ppm	20 ppm	v1.1.0	NT=ms-proteomics;VV=v1.1.0	Control
Sample 13	Homo sapiens	Bone	15Y	not available	female	Osteosarcoma	Human Bone Osteosarcoma Epithelial Cells	U2OS Cell line	not available	Control	1	Caucasian	Cell line	run 26	proteomic profiling by mass spectrometry	https://ftp.pride.ebi.ac.uk/pride/data/archive/2015/03/PXD001736/20140206_QE_UP_U2OS_01b.raw	no fraction	1	NT=data-dependent acquisition;AC=PRIDE:0000627	20140206_QE_UP_U2OS_01b.raw	AC=MS:1002038;NT=label free sample	2	AC=MS:1002523;NT=Q Exactive HF	NT=Carbamidomethyl;AC=UNIMOD:4;TA=C;MT=Fixed	NT=Acetyl;AC=UNIMOD:1;PP=PP=Any N-term;MT=Variable	NT=Oxidation ; TA=M ;AC=UNIMOD:35 ;MT=Variable	NT = Sumoylation ;AC=UNIMOD:877;TA=K;MT=Variable	NT = Phosphorylation ;AC=UNIMOD:21;TA= S,T,Y;MT=Variable	AC=MS:1001251;NT=Trypsin	AC=MS:1000422;NT=HCD	25% NCE	6 ppm	20 ppm	v1.1.0	NT=ms-proteomics;VV=v1.1.0	Control
Sample 13	Homo sapiens	Bone	15Y	not available	female	Osteosarcoma	Human Bone Osteosarcoma Epithelial Cells	U2OS Cell line	not available	Control	1	Caucasian	Cell line	run 27	proteomic profiling by mass spectrometry	https://ftp.pride.ebi.ac.uk/pride/data/archive/2015/03/PXD001736/20140206_QE_UP_U2OS_01c.raw	no fraction	1	NT=data-dependent acquisition;AC=PRIDE:0000627	20140206_QE_UP_U2OS_01c.raw	AC=MS:1002038;NT=label free sample	3	AC=MS:1002523;NT=Q Exactive HF	NT=Carbamidomethyl;AC=UNIMOD:4;TA=C;MT=Fixed	NT=Acetyl;AC=UNIMOD:1;PP=PP=Any N-term;MT=Variable	NT=Oxidation ; TA=M ;AC=UNIMOD:35 ;MT=Variable	NT = Sumoylation ;AC=UNIMOD:877;TA=K;MT=Variable	NT = Phosphorylation ;AC=UNIMOD:21;TA= S,T,Y;MT=Variable	AC=MS:1001251;NT=Trypsin	AC=MS:1000422;NT=HCD	25% NCE	6 ppm	20 ppm	v1.1.0	NT=ms-proteomics;VV=v1.1.0	Control
Sample 14	Homo sapiens	Bone	15Y	not available	female	Osteosarcoma	Human Bone Osteosarcoma Epithelial Cells	U2OS Cell line	not available	Control	2	Caucasian	Cell line	run 28	proteomic profiling by mass spectrometry	https://ftp.pride.ebi.ac.uk/pride/data/archive/2015/03/PXD001736/20140206_QE_UP_U2OS_02a.raw	no fraction	1	NT=data-dependent acquisition;AC=PRIDE:0000627	20140206_QE_UP_U2OS_02a.raw	AC=MS:1002038;NT=label free sample	1	AC=MS:1002523;NT=Q Exactive HF	NT=Carbamidomethyl;AC=UNIMOD:4;TA=C;MT=Fixed	NT=Acetyl;AC=UNIMOD:1;PP=PP=Any N-term;MT=Variable	NT=Oxidation ; TA=M ;AC=UNIMOD:35 ;MT=Variable	NT = Sumoylation ;AC=UNIMOD:877;TA=K;MT=Variable	NT = Phosphorylation ;AC=UNIMOD:21;TA= S,T,Y;MT=Variable	AC=MS:1001251;NT=Trypsin	AC=MS:1000422;NT=HCD	25% NCE	6 ppm	20 ppm	v1.1.0	NT=ms-proteomics;VV=v1.1.0	Control
Sample 14	Homo sapiens	Bone	15Y	not available	female	Osteosarcoma	Human Bone Osteosarcoma Epithelial Cells	U2OS Cell line	not available	Control	2	Caucasian	Cell line	run 29	proteomic profiling by mass spectrometry	https://ftp.pride.ebi.ac.uk/pride/data/archive/2015/03/PXD001736/20140206_QE_UP_U2OS_02b.raw	no fraction	1	NT=data-dependent acquisition;AC=PRIDE:0000627	20140206_QE_UP_U2OS_02b.raw	AC=MS:1002038;NT=label free sample	2	AC=MS:1002523;NT=Q Exactive HF	NT=Carbamidomethyl;AC=UNIMOD:4;TA=C;MT=Fixed	NT=Acetyl;AC=UNIMOD:1;PP=PP=Any N-term;MT=Variable	NT=Oxidation ; TA=M ;AC=UNIMOD:35 ;MT=Variable	NT = Sumoylation ;AC=UNIMOD:877;TA=K;MT=Variable	NT = Phosphorylation ;AC=UNIMOD:21;TA= S,T,Y;MT=Variable	AC=MS:1001251;NT=Trypsin	AC=MS:1000422;NT=HCD	25% NCE	6 ppm	20 ppm	v1.1.0	NT=ms-proteomics;VV=v1.1.0	Control
Sample 14	Homo sapiens	Bone	15Y	not available	female	Osteosarcoma	Human Bone Osteosarcoma Epithelial Cells	U2OS Cell line	not available	Control	2	Caucasian	Cell line	run 30	proteomic profiling by mass spectrometry	https://ftp.pride.ebi.ac.uk/pride/data/archive/2015/03/PXD001736/20140206_QE_UP_U2OS_02c.raw	no fraction	1	NT=data-dependent acquisition;AC=PRIDE:0000627	20140206_QE_UP_U2OS_02c.raw	AC=MS:1002038;NT=label free sample	3	AC=MS:1002523;NT=Q Exactive HF	NT=Carbamidomethyl;AC=UNIMOD:4;TA=C;MT=Fixed	NT=Acetyl;AC=UNIMOD:1;PP=PP=Any N-term;MT=Variable	NT=Oxidation ; TA=M ;AC=UNIMOD:35 ;MT=Variable	NT = Sumoylation ;AC=UNIMOD:877;TA=K;MT=Variable	NT = Phosphorylation ;AC=UNIMOD:21;TA= S,T,Y;MT=Variable	AC=MS:1001251;NT=Trypsin	AC=MS:1000422;NT=HCD	25% NCE	6 ppm	20 ppm	v1.1.0	NT=ms-proteomics;VV=v1.1.0	Control
Sample 15	Homo sapiens	Bone	15Y	not available	female	Osteosarcoma	Human Bone Osteosarcoma Epithelial Cells	U2OS Cell line	not available	Control	3	Caucasian	Cell line	run 31	proteomic profiling by mass spectrometry	https://ftp.pride.ebi.ac.uk/pride/data/archive/2015/03/PXD001736/20140408_QE_UP_U2OS_03a.raw	no fraction	1	NT=data-dependent acquisition;AC=PRIDE:0000627	20140408_QE_UP_U2OS_03a.raw	AC=MS:1002038;NT=label free sample	1	AC=MS:1002523;NT=Q Exactive HF	NT=Carbamidomethyl;AC=UNIMOD:4;TA=C;MT=Fixed	NT=Acetyl;AC=UNIMOD:1;PP=PP=Any N-term;MT=Variable	NT=Oxidation ; TA=M ;AC=UNIMOD:35 ;MT=Variable	NT = Sumoylation ;AC=UNIMOD:877;TA=K;MT=Variable	NT = Phosphorylation ;AC=UNIMOD:21;TA= S,T,Y;MT=Variable	AC=MS:1001251;NT=Trypsin	AC=MS:1000422;NT=HCD	25% NCE	6 ppm	20 ppm	v1.1.0	NT=ms-proteomics;VV=v1.1.0	Control
Sample 15	Homo sapiens	Bone	15Y	not available	female	Osteosarcoma	Human Bone Osteosarcoma Epithelial Cells	U2OS Cell line	not available	Control	3	Caucasian	Cell line	run 32	proteomic profiling by mass spectrometry	https://ftp.pride.ebi.ac.uk/pride/data/archive/2015/03/PXD001736/20140408_QE_UP_U2OS_03b.raw	no fraction	1	NT=data-dependent acquisition;AC=PRIDE:0000627	20140408_QE_UP_U2OS_03b.raw	AC=MS:1002038;NT=label free sample	2	AC=MS:1002523;NT=Q Exactive HF	NT=Carbamidomethyl;AC=UNIMOD:4;TA=C;MT=Fixed	NT=Acetyl;AC=UNIMOD:1;PP=PP=Any N-term;MT=Variable	NT=Oxidation ; TA=M ;AC=UNIMOD:35 ;MT=Variable	NT = Sumoylation ;AC=UNIMOD:877;TA=K;MT=Variable	NT = Phosphorylation ;AC=UNIMOD:21;TA= S,T,Y;MT=Variable	AC=MS:1001251;NT=Trypsin	AC=MS:1000422;NT=HCD	25% NCE	6 ppm	20 ppm	v1.1.0	NT=ms-proteomics;VV=v1.1.0	Control
Sample 15	Homo sapiens	Bone	15Y	not available	female	Osteosarcoma	Human Bone Osteosarcoma Epithelial Cells	U2OS Cell line	not available	Control	3	Caucasian	Cell line	run 33	proteomic profiling by mass spectrometry	https://ftp.pride.ebi.ac.uk/pride/data/archive/2015/03/PXD001736/20140408_QE_UP_U2OS_03c.raw	no fraction	1	NT=data-dependent acquisition;AC=PRIDE:0000627	20140408_QE_UP_U2OS_03c.raw	AC=MS:1002038;NT=label free sample	3	AC=MS:1002523;NT=Q Exactive HF	NT=Carbamidomethyl;AC=UNIMOD:4;TA=C;MT=Fixed	NT=Acetyl;AC=UNIMOD:1;PP=PP=Any N-term;MT=Variable	NT=Oxidation ; TA=M ;AC=UNIMOD:35 ;MT=Variable	NT = Sumoylation ;AC=UNIMOD:877;TA=K;MT=Variable	NT = Phosphorylation ;AC=UNIMOD:21;TA= S,T,Y;MT=Variable	AC=MS:1001251;NT=Trypsin	AC=MS:1000422;NT=HCD	25% NCE	6 ppm	20 ppm	v1.1.0	NT=ms-proteomics;VV=v1.1.0	Control
Sample 16	Homo sapiens	Bone	15Y	not available	female	Osteosarcoma	Human Bone Osteosarcoma Epithelial Cells	U2OS Cell line	not available	Control	4	Caucasian	Cell line	run 34	proteomic profiling by mass spectrometry	https://ftp.pride.ebi.ac.uk/pride/data/archive/2015/03/PXD001736/20140408_QE_UP_U2OS_04a.raw	no fraction	1	NT=data-dependent acquisition;AC=PRIDE:0000627	20140408_QE_UP_U2OS_04a.raw	AC=MS:1002038;NT=label free sample	1	AC=MS:1002523;NT=Q Exactive HF	NT=Carbamidomethyl;AC=UNIMOD:4;TA=C;MT=Fixed	NT=Acetyl;AC=UNIMOD:1;PP=PP=Any N-term;MT=Variable	NT=Oxidation ; TA=M ;AC=UNIMOD:35 ;MT=Variable	NT = Sumoylation ;AC=UNIMOD:877;TA=K;MT=Variable	NT = Phosphorylation ;AC=UNIMOD:21;TA= S,T,Y;MT=Variable	AC=MS:1001251;NT=Trypsin	AC=MS:1000422;NT=HCD	25% NCE	6 ppm	20 ppm	v1.1.0	NT=ms-proteomics;VV=v1.1.0	Control
Sample 16	Homo sapiens	Bone	15Y	not available	female	Osteosarcoma	Human Bone Osteosarcoma Epithelial Cells	U2OS Cell line	not available	Control	4	Caucasian	Cell line	run 35	proteomic profiling by mass spectrometry	https://ftp.pride.ebi.ac.uk/pride/data/archive/2015/03/PXD001736/20140408_QE_UP_U2OS_04b.raw	no fraction	1	NT=data-dependent acquisition;AC=PRIDE:0000627	20140408_QE_UP_U2OS_04b.raw	AC=MS:1002038;NT=label free sample	2	AC=MS:1002523;NT=Q Exactive HF	NT=Carbamidomethyl;AC=UNIMOD:4;TA=C;MT=Fixed	NT=Acetyl;AC=UNIMOD:1;PP=PP=Any N-term;MT=Variable	NT=Oxidation ; TA=M ;AC=UNIMOD:35 ;MT=Variable	NT = Sumoylation ;AC=UNIMOD:877;TA=K;MT=Variable	NT = Phosphorylation ;AC=UNIMOD:21;TA= S,T,Y;MT=Variable	AC=MS:1001251;NT=Trypsin	AC=MS:1000422;NT=HCD	25% NCE	6 ppm	20 ppm	v1.1.0	NT=ms-proteomics;VV=v1.1.0	Control
Sample 16	Homo sapiens	Bone	15Y	not available	female	Osteosarcoma	Human Bone Osteosarcoma Epithelial Cells	U2OS Cell line	not available	Control	4	Caucasian	Cell line	run 36	proteomic profiling by mass spectrometry	https://ftp.pride.ebi.ac.uk/pride/data/archive/2015/03/PXD001736/20140408_QE_UP_U2OS_04c.raw	no fraction	1	NT=data-dependent acquisition;AC=PRIDE:0000627	20140408_QE_UP_U2OS_04c.raw	AC=MS:1002038;NT=label free sample	3	AC=MS:1002523;NT=Q Exactive HF	NT=Carbamidomethyl;AC=UNIMOD:4;TA=C;MT=Fixed	NT=Acetyl;AC=UNIMOD:1;PP=PP=Any N-term;MT=Variable	NT=Oxidation ; TA=M ;AC=UNIMOD:35 ;MT=Variable	NT = Sumoylation ;AC=UNIMOD:877;TA=K;MT=Variable	NT = Phosphorylation ;AC=UNIMOD:21;TA= S,T,Y;MT=Variable	AC=MS:1001251;NT=Trypsin	AC=MS:1000422;NT=HCD	25% NCE	6 ppm	20 ppm	v1.1.0	NT=ms-proteomics;VV=v1.1.0	Control
Sample 17	Homo sapiens	Bone	15Y	not available	female	Osteosarcoma	Human Bone Osteosarcoma Epithelial Cells	U2OS Cell line	not available	Control	5	Caucasian	Cell line	run 37	proteomic profiling by mass spectrometry	https://ftp.pride.ebi.ac.uk/pride/data/archive/2015/03/PXD001736/20140408_QE_UP_U2OS_05a.raw	no fraction	1	NT=data-dependent acquisition;AC=PRIDE:0000627	20140408_QE_UP_U2OS_05a.raw	AC=MS:1002038;NT=label free sample	1	AC=MS:1002523;NT=Q Exactive HF	NT=Carbamidomethyl;AC=UNIMOD:4;TA=C;MT=Fixed	NT=Acetyl;AC=UNIMOD:1;PP=PP=Any N-term;MT=Variable	NT=Oxidation ; TA=M ;AC=UNIMOD:35 ;MT=Variable	NT = Sumoylation ;AC=UNIMOD:877;TA=K;MT=Variable	NT = Phosphorylation ;AC=UNIMOD:21;TA= S,T,Y;MT=Variable	AC=MS:1001251;NT=Trypsin	AC=MS:1000422;NT=HCD	25% NCE	6 ppm	20 ppm	v1.1.0	NT=ms-proteomics;VV=v1.1.0	Control
Sample 17	Homo sapiens	Bone	15Y	not available	female	Osteosarcoma	Human Bone Osteosarcoma Epithelial Cells	U2OS Cell line	not available	Control	5	Caucasian	Cell line	run 38	proteomic profiling by mass spectrometry	https://ftp.pride.ebi.ac.uk/pride/data/archive/2015/03/PXD001736/20140408_QE_UP_U2OS_05b.raw	no fraction	1	NT=data-dependent acquisition;AC=PRIDE:0000627	20140408_QE_UP_U2OS_05b.raw	AC=MS:1002038;NT=label free sample	2	AC=MS:1002523;NT=Q Exactive HF	NT=Carbamidomethyl;AC=UNIMOD:4;TA=C;MT=Fixed	NT=Acetyl;AC=UNIMOD:1;PP=PP=Any N-term;MT=Variable	NT=Oxidation ; TA=M ;AC=UNIMOD:35 ;MT=Variable	NT = Sumoylation ;AC=UNIMOD:877;TA=K;MT=Variable	NT = Phosphorylation ;AC=UNIMOD:21;TA= S,T,Y;MT=Variable	AC=MS:1001251;NT=Trypsin	AC=MS:1000422;NT=HCD	25% NCE	6 ppm	20 ppm	v1.1.0	NT=ms-proteomics;VV=v1.1.0	Control
Sample 17	Homo sapiens	Bone	15Y	not available	female	Osteosarcoma	Human Bone Osteosarcoma Epithelial Cells	U2OS Cell line	not available	Control	5	Caucasian	Cell line	run 39	proteomic profiling by mass spectrometry	https://ftp.pride.ebi.ac.uk/pride/data/archive/2015/03/PXD001736/20140408_QE_UP_U2OS_05c.raw	no fraction	1	NT=data-dependent acquisition;AC=PRIDE:0000627	20140408_QE_UP_U2OS_05c.raw	AC=MS:1002038;NT=label free sample	3	AC=MS:1002523;NT=Q Exactive HF	NT=Carbamidomethyl;AC=UNIMOD:4;TA=C;MT=Fixed	NT=Acetyl;AC=UNIMOD:1;PP=PP=Any N-term;MT=Variable	NT=Oxidation ; TA=M ;AC=UNIMOD:35 ;MT=Variable	NT = Sumoylation ;AC=UNIMOD:877;TA=K;MT=Variable	NT = Phosphorylation ;AC=UNIMOD:21;TA= S,T,Y;MT=Variable	AC=MS:1001251;NT=Trypsin	AC=MS:1000422;NT=HCD	25% NCE	6 ppm	20 ppm	v1.1.0	NT=ms-proteomics;VV=v1.1.0	Control
Sample 18	Homo sapiens	Bone	15Y	not available	female	Osteosarcoma	Human Bone Osteosarcoma Epithelial Cells	U2OS Cell line	not available	0h_HU	1	Caucasian	Cell line	run 40	proteomic profiling by mass spectrometry	https://ftp.pride.ebi.ac.uk/pride/data/archive/2015/03/PXD001736/20140206_QE_UP_U2OS1222_0h_01a.raw	no fraction	1	NT=data-dependent acquisition;AC=PRIDE:0000627	20140206_QE_UP_U2OS1222_0h_01a.raw	AC=MS:1002038;NT=label free sample	1	AC=MS:1002523;NT=Q Exactive HF	NT=Carbamidomethyl;AC=UNIMOD:4;TA=C;MT=Fixed	NT=Acetyl;AC=UNIMOD:1;PP=PP=Any N-term;MT=Variable	NT=Oxidation ; TA=M ;AC=UNIMOD:35 ;MT=Variable	NT = Sumoylation ;AC=UNIMOD:877;TA=K;MT=Variable	NT = Phosphorylation ;AC=UNIMOD:21;TA= S,T,Y;MT=Variable	AC=MS:1001251;NT=Trypsin	AC=MS:1000422;NT=HCD	25% NCE	6 ppm	20 ppm	v1.1.0	NT=ms-proteomics;VV=v1.1.0	0h_HU
Sample 18	Homo sapiens	Bone	15Y	not available	female	Osteosarcoma	Human Bone Osteosarcoma Epithelial Cells	U2OS Cell line	not available	0h_HU	1	Caucasian	Cell line	run 41	proteomic profiling by mass spectrometry	https://ftp.pride.ebi.ac.uk/pride/data/archive/2015/03/PXD001736/20140206_QE_UP_U2OS1222_0h_01b.raw	no fraction	1	NT=data-dependent acquisition;AC=PRIDE:0000627	20140206_QE_UP_U2OS1222_0h_01b.raw	AC=MS:1002038;NT=label free sample	2	AC=MS:1002523;NT=Q Exactive HF	NT=Carbamidomethyl;AC=UNIMOD:4;TA=C;MT=Fixed	NT=Acetyl;AC=UNIMOD:1;PP=PP=Any N-term;MT=Variable	NT=Oxidation ; TA=M ;AC=UNIMOD:35 ;MT=Variable	NT = Sumoylation ;AC=UNIMOD:877;TA=K;MT=Variable	NT = Phosphorylation ;AC=UNIMOD:21;TA= S,T,Y;MT=Variable	AC=MS:1001251;NT=Trypsin	AC=MS:1000422;NT=HCD	25% NCE	6 ppm	20 ppm	v1.1.0	NT=ms-proteomics;VV=v1.1.0	0h_HU
Sample 18	Homo sapiens	Bone	15Y	not available	female	Osteosarcoma	Human Bone Osteosarcoma Epithelial Cells	U2OS Cell line	not available	0h_HU	1	Caucasian	Cell line	run 42	proteomic profiling by mass spectrometry	https://ftp.pride.ebi.ac.uk/pride/data/archive/2015/03/PXD001736/20140206_QE_UP_U2OS1222_0h_01c.raw	no fraction	1	NT=data-dependent acquisition;AC=PRIDE:0000627	20140206_QE_UP_U2OS1222_0h_01c.raw	AC=MS:1002038;NT=label free sample	3	AC=MS:1002523;NT=Q Exactive HF	NT=Carbamidomethyl;AC=UNIMOD:4;TA=C;MT=Fixed	NT=Acetyl;AC=UNIMOD:1;PP=PP=Any N-term;MT=Variable	NT=Oxidation ; TA=M ;AC=UNIMOD:35 ;MT=Variable	NT = Sumoylation ;AC=UNIMOD:877;TA=K;MT=Variable	NT = Phosphorylation ;AC=UNIMOD:21;TA= S,T,Y;MT=Variable	AC=MS:1001251;NT=Trypsin	AC=MS:1000422;NT=HCD	25% NCE	6 ppm	20 ppm	v1.1.0	NT=ms-proteomics;VV=v1.1.0	0h_HU
Sample 19	Homo sapiens	Bone	15Y	not available	female	Osteosarcoma	Human Bone Osteosarcoma Epithelial Cells	U2OS Cell line	not available	0h_HU	2	Caucasian	Cell line	run 43	proteomic profiling by mass spectrometry	https://ftp.pride.ebi.ac.uk/pride/data/archive/2015/03/PXD001736/20140206_QE_UP_U2OS1222_0h_02a.raw	no fraction	1	NT=data-dependent acquisition;AC=PRIDE:0000627	20140206_QE_UP_U2OS1222_0h_02a.raw	AC=MS:1002038;NT=label free sample	1	AC=MS:1002523;NT=Q Exactive HF	NT=Carbamidomethyl;AC=UNIMOD:4;TA=C;MT=Fixed	NT=Acetyl;AC=UNIMOD:1;PP=PP=Any N-term;MT=Variable	NT=Oxidation ; TA=M ;AC=UNIMOD:35 ;MT=Variable	NT = Sumoylation ;AC=UNIMOD:877;TA=K;MT=Variable	NT = Phosphorylation ;AC=UNIMOD:21;TA= S,T,Y;MT=Variable	AC=MS:1001251;NT=Trypsin	AC=MS:1000422;NT=HCD	25% NCE	6 ppm	20 ppm	v1.1.0	NT=ms-proteomics;VV=v1.1.0	0h_HU
Sample 19	Homo sapiens	Bone	15Y	not available	female	Osteosarcoma	Human Bone Osteosarcoma Epithelial Cells	U2OS Cell line	not available	0h_HU	2	Caucasian	Cell line	run 44	proteomic profiling by mass spectrometry	https://ftp.pride.ebi.ac.uk/pride/data/archive/2015/03/PXD001736/20140206_QE_UP_U2OS1222_0h_02b.raw	no fraction	1	NT=data-dependent acquisition;AC=PRIDE:0000627	20140206_QE_UP_U2OS1222_0h_02b.raw	AC=MS:1002038;NT=label free sample	2	AC=MS:1002523;NT=Q Exactive HF	NT=Carbamidomethyl;AC=UNIMOD:4;TA=C;MT=Fixed	NT=Acetyl;AC=UNIMOD:1;PP=PP=Any N-term;MT=Variable	NT=Oxidation ; TA=M ;AC=UNIMOD:35 ;MT=Variable	NT = Sumoylation ;AC=UNIMOD:877;TA=K;MT=Variable	NT = Phosphorylation ;AC=UNIMOD:21;TA= S,T,Y;MT=Variable	AC=MS:1001251;NT=Trypsin	AC=MS:1000422;NT=HCD	25% NCE	6 ppm	20 ppm	v1.1.0	NT=ms-proteomics;VV=v1.1.0	0h_HU
Sample 19	Homo sapiens	Bone	15Y	not available	female	Osteosarcoma	Human Bone Osteosarcoma Epithelial Cells	U2OS Cell line	not available	0h_HU	2	Caucasian	Cell line	run 45	proteomic profiling by mass spectrometry	https://ftp.pride.ebi.ac.uk/pride/data/archive/2015/03/PXD001736/20140206_QE_UP_U2OS1222_0h_02c.raw	no fraction	1	NT=data-dependent acquisition;AC=PRIDE:0000627	20140206_QE_UP_U2OS1222_0h_02c.raw	AC=MS:1002038;NT=label free sample	3	AC=MS:1002523;NT=Q Exactive HF	NT=Carbamidomethyl;AC=UNIMOD:4;TA=C;MT=Fixed	NT=Acetyl;AC=UNIMOD:1;PP=PP=Any N-term;MT=Variable	NT=Oxidation ; TA=M ;AC=UNIMOD:35 ;MT=Variable	NT = Sumoylation ;AC=UNIMOD:877;TA=K;MT=Variable	NT = Phosphorylation ;AC=UNIMOD:21;TA= S,T,Y;MT=Variable	AC=MS:1001251;NT=Trypsin	AC=MS:1000422;NT=HCD	25% NCE	6 ppm	20 ppm	v1.1.0	NT=ms-proteomics;VV=v1.1.0	0h_HU
Sample 20	Homo sapiens	Bone	15Y	not available	female	Osteosarcoma	Human Bone Osteosarcoma Epithelial Cells	U2OS Cell line	not available	0h_HU	3	Caucasian	Cell line	run 46	proteomic profiling by mass spectrometry	https://ftp.pride.ebi.ac.uk/pride/data/archive/2015/03/PXD001736/20140408_QE_UP_U2OS1222_0h_03a.raw	no fraction	1	NT=data-dependent acquisition;AC=PRIDE:0000627	20140408_QE_UP_U2OS1222_0h_03a.raw	AC=MS:1002038;NT=label free sample	1	AC=MS:1002523;NT=Q Exactive HF	NT=Carbamidomethyl;AC=UNIMOD:4;TA=C;MT=Fixed	NT=Acetyl;AC=UNIMOD:1;PP=PP=Any N-term;MT=Variable	NT=Oxidation ; TA=M ;AC=UNIMOD:35 ;MT=Variable	NT = Sumoylation ;AC=UNIMOD:877;TA=K;MT=Variable	NT = Phosphorylation ;AC=UNIMOD:21;TA= S,T,Y;MT=Variable	AC=MS:1001251;NT=Trypsin	AC=MS:1000422;NT=HCD	25% NCE	6 ppm	20 ppm	v1.1.0	NT=ms-proteomics;VV=v1.1.0	0h_HU
Sample 20	Homo sapiens	Bone	15Y	not available	female	Osteosarcoma	Human Bone Osteosarcoma Epithelial Cells	U2OS Cell line	not available	0h_HU	3	Caucasian	Cell line	run 47	proteomic profiling by mass spectrometry	https://ftp.pride.ebi.ac.uk/pride/data/archive/2015/03/PXD001736/20140408_QE_UP_U2OS1222_0h_03b.raw	no fraction	1	NT=data-dependent acquisition;AC=PRIDE:0000627	20140408_QE_UP_U2OS1222_0h_03b.raw	AC=MS:1002038;NT=label free sample	2	AC=MS:1002523;NT=Q Exactive HF	NT=Carbamidomethyl;AC=UNIMOD:4;TA=C;MT=Fixed	NT=Acetyl;AC=UNIMOD:1;PP=PP=Any N-term;MT=Variable	NT=Oxidation ; TA=M ;AC=UNIMOD:35 ;MT=Variable	NT = Sumoylation ;AC=UNIMOD:877;TA=K;MT=Variable	NT = Phosphorylation ;AC=UNIMOD:21;TA= S,T,Y;MT=Variable	AC=MS:1001251;NT=Trypsin	AC=MS:1000422;NT=HCD	25% NCE	6 ppm	20 ppm	v1.1.0	NT=ms-proteomics;VV=v1.1.0	0h_HU
Sample 20	Homo sapiens	Bone	15Y	not available	female	Osteosarcoma	Human Bone Osteosarcoma Epithelial Cells	U2OS Cell line	not available	0h_HU	3	Caucasian	Cell line	run 48	proteomic profiling by mass spectrometry	https://ftp.pride.ebi.ac.uk/pride/data/archive/2015/03/PXD001736/20140408_QE_UP_U2OS1222_0h_03c.raw	no fraction	1	NT=data-dependent acquisition;AC=PRIDE:0000627	20140408_QE_UP_U2OS1222_0h_03c.raw	AC=MS:1002038;NT=label free sample	3	AC=MS:1002523;NT=Q Exactive HF	NT=Carbamidomethyl;AC=UNIMOD:4;TA=C;MT=Fixed	NT=Acetyl;AC=UNIMOD:1;PP=PP=Any N-term;MT=Variable	NT=Oxidation ; TA=M ;AC=UNIMOD:35 ;MT=Variable	NT = Sumoylation ;AC=UNIMOD:877;TA=K;MT=Variable	NT = Phosphorylation ;AC=UNIMOD:21;TA= S,T,Y;MT=Variable	AC=MS:1001251;NT=Trypsin	AC=MS:1000422;NT=HCD	25% NCE	6 ppm	20 ppm	v1.1.0	NT=ms-proteomics;VV=v1.1.0	0h_HU
Sample 21	Homo sapiens	Bone	15Y	not available	female	Osteosarcoma	Human Bone Osteosarcoma Epithelial Cells	U2OS Cell line	not available	0h_HU	4	Caucasian	Cell line	run 49	proteomic profiling by mass spectrometry	https://ftp.pride.ebi.ac.uk/pride/data/archive/2015/03/PXD001736/20140408_QE_UP_U2OS1222_0h_04a.raw	no fraction	1	NT=data-dependent acquisition;AC=PRIDE:0000627	20140408_QE_UP_U2OS1222_0h_04a.raw	AC=MS:1002038;NT=label free sample	1	AC=MS:1002523;NT=Q Exactive HF	NT=Carbamidomethyl;AC=UNIMOD:4;TA=C;MT=Fixed	NT=Acetyl;AC=UNIMOD:1;PP=PP=Any N-term;MT=Variable	NT=Oxidation ; TA=M ;AC=UNIMOD:35 ;MT=Variable	NT = Sumoylation ;AC=UNIMOD:877;TA=K;MT=Variable	NT = Phosphorylation ;AC=UNIMOD:21;TA= S,T,Y;MT=Variable	AC=MS:1001251;NT=Trypsin	AC=MS:1000422;NT=HCD	25% NCE	6 ppm	20 ppm	v1.1.0	NT=ms-proteomics;VV=v1.1.0	0h_HU
Sample 21	Homo sapiens	Bone	15Y	not available	female	Osteosarcoma	Human Bone Osteosarcoma Epithelial Cells	U2OS Cell line	not available	0h_HU	4	Caucasian	Cell line	run 50	proteomic profiling by mass spectrometry	https://ftp.pride.ebi.ac.uk/pride/data/archive/2015/03/PXD001736/20140408_QE_UP_U2OS1222_0h_04b.raw	no fraction	1	NT=data-dependent acquisition;AC=PRIDE:0000627	20140408_QE_UP_U2OS1222_0h_04b.raw	AC=MS:1002038;NT=label free sample	2	AC=MS:1002523;NT=Q Exactive HF	NT=Carbamidomethyl;AC=UNIMOD:4;TA=C;MT=Fixed	NT=Acetyl;AC=UNIMOD:1;PP=PP=Any N-term;MT=Variable	NT=Oxidation ; TA=M ;AC=UNIMOD:35 ;MT=Variable	NT = Sumoylation ;AC=UNIMOD:877;TA=K;MT=Variable	NT = Phosphorylation ;AC=UNIMOD:21;TA= S,T,Y;MT=Variable	AC=MS:1001251;NT=Trypsin	AC=MS:1000422;NT=HCD	25% NCE	6 ppm	20 ppm	v1.1.0	NT=ms-proteomics;VV=v1.1.0	0h_HU
Sample 21	Homo sapiens	Bone	15Y	not available	female	Osteosarcoma	Human Bone Osteosarcoma Epithelial Cells	U2OS Cell line	not available	0h_HU	4	Caucasian	Cell line	run 51	proteomic profiling by mass spectrometry	https://ftp.pride.ebi.ac.uk/pride/data/archive/2015/03/PXD001736/20140408_QE_UP_U2OS1222_0h_04c.raw	no fraction	1	NT=data-dependent acquisition;AC=PRIDE:0000627	20140408_QE_UP_U2OS1222_0h_04c.raw	AC=MS:1002038;NT=label free sample	3	AC=MS:1002523;NT=Q Exactive HF	NT=Carbamidomethyl;AC=UNIMOD:4;TA=C;MT=Fixed	NT=Acetyl;AC=UNIMOD:1;PP=PP=Any N-term;MT=Variable	NT=Oxidation ; TA=M ;AC=UNIMOD:35 ;MT=Variable	NT = Sumoylation ;AC=UNIMOD:877;TA=K;MT=Variable	NT = Phosphorylation ;AC=UNIMOD:21;TA= S,T,Y;MT=Variable	AC=MS:1001251;NT=Trypsin	AC=MS:1000422;NT=HCD	25% NCE	6 ppm	20 ppm	v1.1.0	NT=ms-proteomics;VV=v1.1.0	0h_HU
Sample 22	Homo sapiens	Bone	15Y	not available	female	Osteosarcoma	Human Bone Osteosarcoma Epithelial Cells	U2OS Cell line	not available	0h_HU	5	Caucasian	Cell line	run 52	proteomic profiling by mass spectrometry	https://ftp.pride.ebi.ac.uk/pride/data/archive/2015/03/PXD001736/20140408_QE_UP_U2OS1222_0h_05a.raw	no fraction	1	NT=data-dependent acquisition;AC=PRIDE:0000627	20140408_QE_UP_U2OS1222_0h_05a.raw	AC=MS:1002038;NT=label free sample	1	AC=MS:1002523;NT=Q Exactive HF	NT=Carbamidomethyl;AC=UNIMOD:4;TA=C;MT=Fixed	NT=Acetyl;AC=UNIMOD:1;PP=PP=Any N-term;MT=Variable	NT=Oxidation ; TA=M ;AC=UNIMOD:35 ;MT=Variable	NT = Sumoylation ;AC=UNIMOD:877;TA=K;MT=Variable	NT = Phosphorylation ;AC=UNIMOD:21;TA= S,T,Y;MT=Variable	AC=MS:1001251;NT=Trypsin	AC=MS:1000422;NT=HCD	25% NCE	6 ppm	20 ppm	v1.1.0	NT=ms-proteomics;VV=v1.1.0	0h_HU
Sample 22	Homo sapiens	Bone	15Y	not available	female	Osteosarcoma	Human Bone Osteosarcoma Epithelial Cells	U2OS Cell line	not available	0h_HU	5	Caucasian	Cell line	run 53	proteomic profiling by mass spectrometry	https://ftp.pride.ebi.ac.uk/pride/data/archive/2015/03/PXD001736/20140408_QE_UP_U2OS1222_0h_05b.raw	no fraction	1	NT=data-dependent acquisition;AC=PRIDE:0000627	20140408_QE_UP_U2OS1222_0h_05b.raw	AC=MS:1002038;NT=label free sample	2	AC=MS:1002523;NT=Q Exactive HF	NT=Carbamidomethyl;AC=UNIMOD:4;TA=C;MT=Fixed	NT=Acetyl;AC=UNIMOD:1;PP=PP=Any N-term;MT=Variable	NT=Oxidation ; TA=M ;AC=UNIMOD:35 ;MT=Variable	NT = Sumoylation ;AC=UNIMOD:877;TA=K;MT=Variable	NT = Phosphorylation ;AC=UNIMOD:21;TA= S,T,Y;MT=Variable	AC=MS:1001251;NT=Trypsin	AC=MS:1000422;NT=HCD	25% NCE	6 ppm	20 ppm	v1.1.0	NT=ms-proteomics;VV=v1.1.0	0h_HU
Sample 22	Homo sapiens	Bone	15Y	not available	female	Osteosarcoma	Human Bone Osteosarcoma Epithelial Cells	U2OS Cell line	not available	0h_HU	5	Caucasian	Cell line	run 54	proteomic profiling by mass spectrometry	https://ftp.pride.ebi.ac.uk/pride/data/archive/2015/03/PXD001736/20140408_QE_UP_U2OS1222_0h_05c.raw	no fraction	1	NT=data-dependent acquisition;AC=PRIDE:0000627	20140408_QE_UP_U2OS1222_0h_05c.raw	AC=MS:1002038;NT=label free sample	3	AC=MS:1002523;NT=Q Exactive HF	NT=Carbamidomethyl;AC=UNIMOD:4;TA=C;MT=Fixed	NT=Acetyl;AC=UNIMOD:1;PP=PP=Any N-term;MT=Variable	NT=Oxidation ; TA=M ;AC=UNIMOD:35 ;MT=Variable	NT = Sumoylation ;AC=UNIMOD:877;TA=K;MT=Variable	NT = Phosphorylation ;AC=UNIMOD:21;TA= S,T,Y;MT=Variable	AC=MS:1001251;NT=Trypsin	AC=MS:1000422;NT=HCD	25% NCE	6 ppm	20 ppm	v1.1.0	NT=ms-proteomics;VV=v1.1.0	0h_HU
Sample 23	Homo sapiens	Bone	15Y	not available	female	Osteosarcoma	Human Bone Osteosarcoma Epithelial Cells	U2OS Cell line	not available	2h_HU	1	Caucasian	Cell line	run 55	proteomic profiling by mass spectrometry	https://ftp.pride.ebi.ac.uk/pride/data/archive/2015/03/PXD001736/20140206_QE_UP_U2OS1222_2h_01a.raw	no fraction	1	NT=data-dependent acquisition;AC=PRIDE:0000627	20140206_QE_UP_U2OS1222_2h_01a.raw	AC=MS:1002038;NT=label free sample	1	AC=MS:1002523;NT=Q Exactive HF	NT=Carbamidomethyl;AC=UNIMOD:4;TA=C;MT=Fixed	NT=Acetyl;AC=UNIMOD:1;PP=PP=Any N-term;MT=Variable	NT=Oxidation ; TA=M ;AC=UNIMOD:35 ;MT=Variable	NT = Sumoylation ;AC=UNIMOD:877;TA=K;MT=Variable	NT = Phosphorylation ;AC=UNIMOD:21;TA= S,T,Y;MT=Variable	AC=MS:1001251;NT=Trypsin	AC=MS:1000422;NT=HCD	25% NCE	6 ppm	20 ppm	v1.1.0	NT=ms-proteomics;VV=v1.1.0	2h_HU
Sample 23	Homo sapiens	Bone	15Y	not available	female	Osteosarcoma	Human Bone Osteosarcoma Epithelial Cells	U2OS Cell line	not available	2h_HU	1	Caucasian	Cell line	run 56	proteomic profiling by mass spectrometry	https://ftp.pride.ebi.ac.uk/pride/data/archive/2015/03/PXD001736/20140206_QE_UP_U2OS1222_2h_01b..raw	no fraction	1	NT=data-dependent acquisition;AC=PRIDE:0000627	20140206_QE_UP_U2OS1222_2h_01b.raw	AC=MS:1002038;NT=label free sample	2	AC=MS:1002523;NT=Q Exactive HF	NT=Carbamidomethyl;AC=UNIMOD:4;TA=C;MT=Fixed	NT=Acetyl;AC=UNIMOD:1;PP=PP=Any N-term;MT=Variable	NT=Oxidation ; TA=M ;AC=UNIMOD:35 ;MT=Variable	NT = Sumoylation ;AC=UNIMOD:877;TA=K;MT=Variable	NT = Phosphorylation ;AC=UNIMOD:21;TA= S,T,Y;MT=Variable	AC=MS:1001251;NT=Trypsin	AC=MS:1000422;NT=HCD	25% NCE	6 ppm	20 ppm	v1.1.0	NT=ms-proteomics;VV=v1.1.0	2h_HU
Sample 23	Homo sapiens	Bone	15Y	not available	female	Osteosarcoma	Human Bone Osteosarcoma Epithelial Cells	U2OS Cell line	not available	2h_HU	1	Caucasian	Cell line	run 57	proteomic profiling by mass spectrometry	https://ftp.pride.ebi.ac.uk/pride/data/archive/2015/03/PXD001736/20140206_QE_UP_U2OS1222_2h_01c.raw	no fraction	1	NT=data-dependent acquisition;AC=PRIDE:0000627	20140206_QE_UP_U2OS1222_2h_01c.raw	AC=MS:1002038;NT=label free sample	3	AC=MS:1002523;NT=Q Exactive HF	NT=Carbamidomethyl;AC=UNIMOD:4;TA=C;MT=Fixed	NT=Acetyl;AC=UNIMOD:1;PP=PP=Any N-term;MT=Variable	NT=Oxidation ; TA=M ;AC=UNIMOD:35 ;MT=Variable	NT = Sumoylation ;AC=UNIMOD:877;TA=K;MT=Variable	NT = Phosphorylation ;AC=UNIMOD:21;TA= S,T,Y;MT=Variable	AC=MS:1001251;NT=Trypsin	AC=MS:1000422;NT=HCD	25% NCE	6 ppm	20 ppm	v1.1.0	NT=ms-proteomics;VV=v1.1.0	2h_HU
Sample 24	Homo sapiens	Bone	15Y	not available	female	Osteosarcoma	Human Bone Osteosarcoma Epithelial Cells	U2OS Cell line	not available	2h_HU	2	Caucasian	Cell line	run 58	proteomic profiling by mass spectrometry	https://ftp.pride.ebi.ac.uk/pride/data/archive/2015/03/PXD001736/20140206_QE_UP_U2OS1222_2h_02a.raw	no fraction	1	NT=data-dependent acquisition;AC=PRIDE:0000627	20140206_QE_UP_U2OS1222_2h_02a.raw	AC=MS:1002038;NT=label free sample	1	AC=MS:1002523;NT=Q Exactive HF	NT=Carbamidomethyl;AC=UNIMOD:4;TA=C;MT=Fixed	NT=Acetyl;AC=UNIMOD:1;PP=PP=Any N-term;MT=Variable	NT=Oxidation ; TA=M ;AC=UNIMOD:35 ;MT=Variable	NT = Sumoylation ;AC=UNIMOD:877;TA=K;MT=Variable	NT = Phosphorylation ;AC=UNIMOD:21;TA= S,T,Y;MT=Variable	AC=MS:1001251;NT=Trypsin	AC=MS:1000422;NT=HCD	25% NCE	6 ppm	20 ppm	v1.1.0	NT=ms-proteomics;VV=v1.1.0	2h_HU
Sample 24	Homo sapiens	Bone	15Y	not available	female	Osteosarcoma	Human Bone Osteosarcoma Epithelial Cells	U2OS Cell line	not available	2h_HU	2	Caucasian	Cell line	run 59	proteomic profiling by mass spectrometry	https://ftp.pride.ebi.ac.uk/pride/data/archive/2015/03/PXD001736/20140206_QE_UP_U2OS1222_2h_02b.raw	no fraction	1	NT=data-dependent acquisition;AC=PRIDE:0000627	20140206_QE_UP_U2OS1222_2h_02b.raw	AC=MS:1002038;NT=label free sample	2	AC=MS:1002523;NT=Q Exactive HF	NT=Carbamidomethyl;AC=UNIMOD:4;TA=C;MT=Fixed	NT=Acetyl;AC=UNIMOD:1;PP=PP=Any N-term;MT=Variable	NT=Oxidation ; TA=M ;AC=UNIMOD:35 ;MT=Variable	NT = Sumoylation ;AC=UNIMOD:877;TA=K;MT=Variable	NT = Phosphorylation ;AC=UNIMOD:21;TA= S,T,Y;MT=Variable	AC=MS:1001251;NT=Trypsin	AC=MS:1000422;NT=HCD	25% NCE	6 ppm	20 ppm	v1.1.0	NT=ms-proteomics;VV=v1.1.0	2h_HU
Sample 24	Homo sapiens	Bone	15Y	not available	female	Osteosarcoma	Human Bone Osteosarcoma Epithelial Cells	U2OS Cell line	not available	2h_HU	2	Caucasian	Cell line	run 60	proteomic profiling by mass spectrometry	https://ftp.pride.ebi.ac.uk/pride/data/archive/2015/03/PXD001736/20140206_QE_UP_U2OS1222_2h_02c.raw	no fraction	1	NT=data-dependent acquisition;AC=PRIDE:0000627	20140206_QE_UP_U2OS1222_2h_02c.raw	AC=MS:1002038;NT=label free sample	3	AC=MS:1002523;NT=Q Exactive HF	NT=Carbamidomethyl;AC=UNIMOD:4;TA=C;MT=Fixed	NT=Acetyl;AC=UNIMOD:1;PP=PP=Any N-term;MT=Variable	NT=Oxidation ; TA=M ;AC=UNIMOD:35 ;MT=Variable	NT = Sumoylation ;AC=UNIMOD:877;TA=K;MT=Variable	NT = Phosphorylation ;AC=UNIMOD:21;TA= S,T,Y;MT=Variable	AC=MS:1001251;NT=Trypsin	AC=MS:1000422;NT=HCD	25% NCE	6 ppm	20 ppm	v1.1.0	NT=ms-proteomics;VV=v1.1.0	2h_HU
Sample 25	Homo sapiens	Bone	15Y	not available	female	Osteosarcoma	Human Bone Osteosarcoma Epithelial Cells	U2OS Cell line	not available	2h_HU	3	Caucasian	Cell line	run 61	proteomic profiling by mass spectrometry	https://ftp.pride.ebi.ac.uk/pride/data/archive/2015/03/PXD001736/20140408_QE_UP_U2OS1222_2h_03a.raw	no fraction	1	NT=data-dependent acquisition;AC=PRIDE:0000627	20140408_QE_UP_U2OS1222_2h_03a.raw	AC=MS:1002038;NT=label free sample	1	AC=MS:1002523;NT=Q Exactive HF	NT=Carbamidomethyl;AC=UNIMOD:4;TA=C;MT=Fixed	NT=Acetyl;AC=UNIMOD:1;PP=PP=Any N-term;MT=Variable	NT=Oxidation ; TA=M ;AC=UNIMOD:35 ;MT=Variable	NT = Sumoylation ;AC=UNIMOD:877;TA=K;MT=Variable	NT = Phosphorylation ;AC=UNIMOD:21;TA= S,T,Y;MT=Variable	AC=MS:1001251;NT=Trypsin	AC=MS:1000422;NT=HCD	25% NCE	6 ppm	20 ppm	v1.1.0	NT=ms-proteomics;VV=v1.1.0	2h_HU
Sample 25	Homo sapiens	Bone	15Y	not available	female	Osteosarcoma	Human Bone Osteosarcoma Epithelial Cells	U2OS Cell line	not available	2h_HU	3	Caucasian	Cell line	run 62	proteomic profiling by mass spectrometry	https://ftp.pride.ebi.ac.uk/pride/data/archive/2015/03/PXD001736/20140408_QE_UP_U2OS1222_2h_03b.raw	no fraction	1	NT=data-dependent acquisition;AC=PRIDE:0000627	20140408_QE_UP_U2OS1222_2h_03b.raw	AC=MS:1002038;NT=label free sample	2	AC=MS:1002523;NT=Q Exactive HF	NT=Carbamidomethyl;AC=UNIMOD:4;TA=C;MT=Fixed	NT=Acetyl;AC=UNIMOD:1;PP=PP=Any N-term;MT=Variable	NT=Oxidation ; TA=M ;AC=UNIMOD:35 ;MT=Variable	NT = Sumoylation ;AC=UNIMOD:877;TA=K;MT=Variable	NT = Phosphorylation ;AC=UNIMOD:21;TA= S,T,Y;MT=Variable	AC=MS:1001251;NT=Trypsin	AC=MS:1000422;NT=HCD	25% NCE	6 ppm	20 ppm	v1.1.0	NT=ms-proteomics;VV=v1.1.0	2h_HU
Sample 25	Homo sapiens	Bone	15Y	not available	female	Osteosarcoma	Human Bone Osteosarcoma Epithelial Cells	U2OS Cell line	not available	2h_HU	3	Caucasian	Cell line	run 63	proteomic profiling by mass spectrometry	https://ftp.pride.ebi.ac.uk/pride/data/archive/2015/03/PXD001736/20140408_QE_UP_U2OS1222_2h_03c.raw	no fraction	1	NT=data-dependent acquisition;AC=PRIDE:0000627	20140408_QE_UP_U2OS1222_2h_03c.raw	AC=MS:1002038;NT=label free sample	3	AC=MS:1002523;NT=Q Exactive HF	NT=Carbamidomethyl;AC=UNIMOD:4;TA=C;MT=Fixed	NT=Acetyl;AC=UNIMOD:1;PP=PP=Any N-term;MT=Variable	NT=Oxidation ; TA=M ;AC=UNIMOD:35 ;MT=Variable	NT = Sumoylation ;AC=UNIMOD:877;TA=K;MT=Variable	NT = Phosphorylation ;AC=UNIMOD:21;TA= S,T,Y;MT=Variable	AC=MS:1001251;NT=Trypsin	AC=MS:1000422;NT=HCD	25% NCE	6 ppm	20 ppm	v1.1.0	NT=ms-proteomics;VV=v1.1.0	2h_HU
Sample 26	Homo sapiens	Bone	15Y	not available	female	Osteosarcoma	Human Bone Osteosarcoma Epithelial Cells	U2OS Cell line	not available	2h_HU	4	Caucasian	Cell line	run 64	proteomic profiling by mass spectrometry	https://ftp.pride.ebi.ac.uk/pride/data/archive/2015/03/PXD001736/20140408_QE_UP_U2OS1222_2h_04a.raw	no fraction	1	NT=data-dependent acquisition;AC=PRIDE:0000627	20140408_QE_UP_U2OS1222_2h_04a.raw	AC=MS:1002038;NT=label free sample	1	AC=MS:1002523;NT=Q Exactive HF	NT=Carbamidomethyl;AC=UNIMOD:4;TA=C;MT=Fixed	NT=Acetyl;AC=UNIMOD:1;PP=PP=Any N-term;MT=Variable	NT=Oxidation ; TA=M ;AC=UNIMOD:35 ;MT=Variable	NT = Sumoylation ;AC=UNIMOD:877;TA=K;MT=Variable	NT = Phosphorylation ;AC=UNIMOD:21;TA= S,T,Y;MT=Variable	AC=MS:1001251;NT=Trypsin	AC=MS:1000422;NT=HCD	25% NCE	6 ppm	20 ppm	v1.1.0	NT=ms-proteomics;VV=v1.1.0	2h_HU
Sample 26	Homo sapiens	Bone	15Y	not available	female	Osteosarcoma	Human Bone Osteosarcoma Epithelial Cells	U2OS Cell line	not available	2h_HU	4	Caucasian	Cell line	run 65	proteomic profiling by mass spectrometry	https://ftp.pride.ebi.ac.uk/pride/data/archive/2015/03/PXD001736/20140408_QE_UP_U2OS1222_2h_04b.raw	no fraction	1	NT=data-dependent acquisition;AC=PRIDE:0000627	20140408_QE_UP_U2OS1222_2h_04b.raw	AC=MS:1002038;NT=label free sample	2	AC=MS:1002523;NT=Q Exactive HF	NT=Carbamidomethyl;AC=UNIMOD:4;TA=C;MT=Fixed	NT=Acetyl;AC=UNIMOD:1;PP=PP=Any N-term;MT=Variable	NT=Oxidation ; TA=M ;AC=UNIMOD:35 ;MT=Variable	NT = Sumoylation ;AC=UNIMOD:877;TA=K;MT=Variable	NT = Phosphorylation ;AC=UNIMOD:21;TA= S,T,Y;MT=Variable	AC=MS:1001251;NT=Trypsin	AC=MS:1000422;NT=HCD	25% NCE	6 ppm	20 ppm	v1.1.0	NT=ms-proteomics;VV=v1.1.0	2h_HU
Sample 26	Homo sapiens	Bone	15Y	not available	female	Osteosarcoma	Human Bone Osteosarcoma Epithelial Cells	U2OS Cell line	not available	2h_HU	4	Caucasian	Cell line	run 66	proteomic profiling by mass spectrometry	https://ftp.pride.ebi.ac.uk/pride/data/archive/2015/03/PXD001736/20140408_QE_UP_U2OS1222_2h_04c.raw	no fraction	1	NT=data-dependent acquisition;AC=PRIDE:0000627	20140408_QE_UP_U2OS1222_2h_04c.raw	AC=MS:1002038;NT=label free sample	3	AC=MS:1002523;NT=Q Exactive HF	NT=Carbamidomethyl;AC=UNIMOD:4;TA=C;MT=Fixed	NT=Acetyl;AC=UNIMOD:1;PP=PP=Any N-term;MT=Variable	NT=Oxidation ; TA=M ;AC=UNIMOD:35 ;MT=Variable	NT = Sumoylation ;AC=UNIMOD:877;TA=K;MT=Variable	NT = Phosphorylation ;AC=UNIMOD:21;TA= S,T,Y;MT=Variable	AC=MS:1001251;NT=Trypsin	AC=MS:1000422;NT=HCD	25% NCE	6 ppm	20 ppm	v1.1.0	NT=ms-proteomics;VV=v1.1.0	2h_HU
Sample 27	Homo sapiens	Bone	15Y	not available	female	Osteosarcoma	Human Bone Osteosarcoma Epithelial Cells	U2OS Cell line	not available	2h_HU	5	Caucasian	Cell line	run 67	proteomic profiling by mass spectrometry	https://ftp.pride.ebi.ac.uk/pride/data/archive/2015/03/PXD001736/20140408_QE_UP_U2OS1222_2h_05a..raw	no fraction	1	NT=data-dependent acquisition;AC=PRIDE:0000627	20140408_QE_UP_U2OS1222_2h_05a.raw	AC=MS:1002038;NT=label free sample	1	AC=MS:1002523;NT=Q Exactive HF	NT=Carbamidomethyl;AC=UNIMOD:4;TA=C;MT=Fixed	NT=Acetyl;AC=UNIMOD:1;PP=PP=Any N-term;MT=Variable	NT=Oxidation ; TA=M ;AC=UNIMOD:35 ;MT=Variable	NT = Sumoylation ;AC=UNIMOD:877;TA=K;MT=Variable	NT = Phosphorylation ;AC=UNIMOD:21;TA= S,T,Y;MT=Variable	AC=MS:1001251;NT=Trypsin	AC=MS:1000422;NT=HCD	25% NCE	6 ppm	20 ppm	v1.1.0	NT=ms-proteomics;VV=v1.1.0	2h_HU
Sample 27	Homo sapiens	Bone	15Y	not available	female	Osteosarcoma	Human Bone Osteosarcoma Epithelial Cells	U2OS Cell line	not available	2h_HU	5	Caucasian	Cell line	run 68	proteomic profiling by mass spectrometry	https://ftp.pride.ebi.ac.uk/pride/data/archive/2015/03/PXD001736/20140408_QE_UP_U2OS1222_2h_05b.raw	no fraction	1	NT=data-dependent acquisition;AC=PRIDE:0000627	20140408_QE_UP_U2OS1222_2h_05b.raw	AC=MS:1002038;NT=label free sample	2	AC=MS:1002523;NT=Q Exactive HF	NT=Carbamidomethyl;AC=UNIMOD:4;TA=C;MT=Fixed	NT=Acetyl;AC=UNIMOD:1;PP=PP=Any N-term;MT=Variable	NT=Oxidation ; TA=M ;AC=UNIMOD:35 ;MT=Variable	NT = Sumoylation ;AC=UNIMOD:877;TA=K;MT=Variable	NT = Phosphorylation ;AC=UNIMOD:21;TA= S,T,Y;MT=Variable	AC=MS:1001251;NT=Trypsin	AC=MS:1000422;NT=HCD	25% NCE	6 ppm	20 ppm	v1.1.0	NT=ms-proteomics;VV=v1.1.0	2h_HU
Sample 27	Homo sapiens	Bone	15Y	not available	female	Osteosarcoma	Human Bone Osteosarcoma Epithelial Cells	U2OS Cell line	not available	2h_HU	5	Caucasian	Cell line	run 69	proteomic profiling by mass spectrometry	https://ftp.pride.ebi.ac.uk/pride/data/archive/2015/03/PXD001736/20140408_QE_UP_U2OS1222_2h_05c.raw	no fraction	1	NT=data-dependent acquisition;AC=PRIDE:0000627	20140408_QE_UP_U2OS1222_2h_05c.raw	AC=MS:1002038;NT=label free sample	3	AC=MS:1002523;NT=Q Exactive HF	NT=Carbamidomethyl;AC=UNIMOD:4;TA=C;MT=Fixed	NT=Acetyl;AC=UNIMOD:1;PP=PP=Any N-term;MT=Variable	NT=Oxidation ; TA=M ;AC=UNIMOD:35 ;MT=Variable	NT = Sumoylation ;AC=UNIMOD:877;TA=K;MT=Variable	NT = Phosphorylation ;AC=UNIMOD:21;TA= S,T,Y;MT=Variable	AC=MS:1001251;NT=Trypsin	AC=MS:1000422;NT=HCD	25% NCE	6 ppm	20 ppm	v1.1.0	NT=ms-proteomics;VV=v1.1.0	2h_HU
Sample 28	Homo sapiens	Bone	15Y	not available	female	Osteosarcoma	Human Bone Osteosarcoma Epithelial Cells	U2OS Cell line	not available	24h_HU	1	Caucasian	Cell line	run 70	proteomic profiling by mass spectrometry	https://ftp.pride.ebi.ac.uk/pride/data/archive/2015/03/PXD001736/20140206_QE_UP_U2OS1222_24h_01a.raw	no fraction	1	NT=data-dependent acquisition;AC=PRIDE:0000627	20140206_QE_UP_U2OS1222_24h_01a.raw	AC=MS:1002038;NT=label free sample	1	AC=MS:1002523;NT=Q Exactive HF	NT=Carbamidomethyl;AC=UNIMOD:4;TA=C;MT=Fixed	NT=Acetyl;AC=UNIMOD:1;PP=PP=Any N-term;MT=Variable	NT=Oxidation ; TA=M ;AC=UNIMOD:35 ;MT=Variable	NT = Sumoylation ;AC=UNIMOD:877;TA=K;MT=Variable	NT = Phosphorylation ;AC=UNIMOD:21;TA= S,T,Y;MT=Variable	AC=MS:1001251;NT=Trypsin	AC=MS:1000422;NT=HCD	25% NCE	6 ppm	20 ppm	v1.1.0	NT=ms-proteomics;VV=v1.1.0	24h_HU
Sample 28	Homo sapiens	Bone	15Y	not available	female	Osteosarcoma	Human Bone Osteosarcoma Epithelial Cells	U2OS Cell line	not available	24h_HU	1	Caucasian	Cell line	run 71	proteomic profiling by mass spectrometry	https://ftp.pride.ebi.ac.uk/pride/data/archive/2015/03/PXD001736/20140206_QE_UP_U2OS1222_24h_01b.raw	no fraction	1	NT=data-dependent acquisition;AC=PRIDE:0000627	20140206_QE_UP_U2OS1222_24h_01b.raw	AC=MS:1002038;NT=label free sample	2	AC=MS:1002523;NT=Q Exactive HF	NT=Carbamidomethyl;AC=UNIMOD:4;TA=C;MT=Fixed	NT=Acetyl;AC=UNIMOD:1;PP=PP=Any N-term;MT=Variable	NT=Oxidation ; TA=M ;AC=UNIMOD:35 ;MT=Variable	NT = Sumoylation ;AC=UNIMOD:877;TA=K;MT=Variable	NT = Phosphorylation ;AC=UNIMOD:21;TA= S,T,Y;MT=Variable	AC=MS:1001251;NT=Trypsin	AC=MS:1000422;NT=HCD	25% NCE	6 ppm	20 ppm	v1.1.0	NT=ms-proteomics;VV=v1.1.0	24h_HU
Sample 28	Homo sapiens	Bone	15Y	not available	female	Osteosarcoma	Human Bone Osteosarcoma Epithelial Cells	U2OS Cell line	not available	24h_HU	1	Caucasian	Cell line	run 72	proteomic profiling by mass spectrometry	https://ftp.pride.ebi.ac.uk/pride/data/archive/2015/03/PXD001736/20140206_QE_UP_U2OS1222_24h_01c.raw	no fraction	1	NT=data-dependent acquisition;AC=PRIDE:0000627	20140206_QE_UP_U2OS1222_24h_01c.raw	AC=MS:1002038;NT=label free sample	3	AC=MS:1002523;NT=Q Exactive HF	NT=Carbamidomethyl;AC=UNIMOD:4;TA=C;MT=Fixed	NT=Acetyl;AC=UNIMOD:1;PP=PP=Any N-term;MT=Variable	NT=Oxidation ; TA=M ;AC=UNIMOD:35 ;MT=Variable	NT = Sumoylation ;AC=UNIMOD:877;TA=K;MT=Variable	NT = Phosphorylation ;AC=UNIMOD:21;TA= S,T,Y;MT=Variable	AC=MS:1001251;NT=Trypsin	AC=MS:1000422;NT=HCD	25% NCE	6 ppm	20 ppm	v1.1.0	NT=ms-proteomics;VV=v1.1.0	24h_HU
Sample 29	Homo sapiens	Bone	15Y	not available	female	Osteosarcoma	Human Bone Osteosarcoma Epithelial Cells	U2OS Cell line	not available	24h_HU	2	Caucasian	Cell line	run 73	proteomic profiling by mass spectrometry	https://ftp.pride.ebi.ac.uk/pride/data/archive/2015/03/PXD001736/20140206_QE_UP_U2OS1222_24h_02a..raw	no fraction	1	NT=data-dependent acquisition;AC=PRIDE:0000627	20140206_QE_UP_U2OS1222_24h_02a.raw	AC=MS:1002038;NT=label free sample	1	AC=MS:1002523;NT=Q Exactive HF	NT=Carbamidomethyl;AC=UNIMOD:4;TA=C;MT=Fixed	NT=Acetyl;AC=UNIMOD:1;PP=PP=Any N-term;MT=Variable	NT=Oxidation ; TA=M ;AC=UNIMOD:35 ;MT=Variable	NT = Sumoylation ;AC=UNIMOD:877;TA=K;MT=Variable	NT = Phosphorylation ;AC=UNIMOD:21;TA= S,T,Y;MT=Variable	AC=MS:1001251;NT=Trypsin	AC=MS:1000422;NT=HCD	25% NCE	6 ppm	20 ppm	v1.1.0	NT=ms-proteomics;VV=v1.1.0	24h_HU
Sample 29	Homo sapiens	Bone	15Y	not available	female	Osteosarcoma	Human Bone Osteosarcoma Epithelial Cells	U2OS Cell line	not available	24h_HU	2	Caucasian	Cell line	run 74	proteomic profiling by mass spectrometry	https://ftp.pride.ebi.ac.uk/pride/data/archive/2015/03/PXD001736/20140206_QE_UP_U2OS1222_24h_02b.raw	no fraction	1	NT=data-dependent acquisition;AC=PRIDE:0000627	20140206_QE_UP_U2OS1222_24h_02b.raw	AC=MS:1002038;NT=label free sample	2	AC=MS:1002523;NT=Q Exactive HF	NT=Carbamidomethyl;AC=UNIMOD:4;TA=C;MT=Fixed	NT=Acetyl;AC=UNIMOD:1;PP=PP=Any N-term;MT=Variable	NT=Oxidation ; TA=M ;AC=UNIMOD:35 ;MT=Variable	NT = Sumoylation ;AC=UNIMOD:877;TA=K;MT=Variable	NT = Phosphorylation ;AC=UNIMOD:21;TA= S,T,Y;MT=Variable	AC=MS:1001251;NT=Trypsin	AC=MS:1000422;NT=HCD	25% NCE	6 ppm	20 ppm	v1.1.0	NT=ms-proteomics;VV=v1.1.0	24h_HU
Sample 29	Homo sapiens	Bone	15Y	not available	female	Osteosarcoma	Human Bone Osteosarcoma Epithelial Cells	U2OS Cell line	not available	24h_HU	2	Caucasian	Cell line	run 75	proteomic profiling by mass spectrometry	https://ftp.pride.ebi.ac.uk/pride/data/archive/2015/03/PXD001736/20140206_QE_UP_U2OS1222_24h_02c.raw	no fraction	1	NT=data-dependent acquisition;AC=PRIDE:0000627	20140206_QE_UP_U2OS1222_24h_02c.raw	AC=MS:1002038;NT=label free sample	3	AC=MS:1002523;NT=Q Exactive HF	NT=Carbamidomethyl;AC=UNIMOD:4;TA=C;MT=Fixed	NT=Acetyl;AC=UNIMOD:1;PP=PP=Any N-term;MT=Variable	NT=Oxidation ; TA=M ;AC=UNIMOD:35 ;MT=Variable	NT = Sumoylation ;AC=UNIMOD:877;TA=K;MT=Variable	NT = Phosphorylation ;AC=UNIMOD:21;TA= S,T,Y;MT=Variable	AC=MS:1001251;NT=Trypsin	AC=MS:1000422;NT=HCD	25% NCE	6 ppm	20 ppm	v1.1.0	NT=ms-proteomics;VV=v1.1.0	24h_HU
Sample 30	Homo sapiens	Bone	15Y	not available	female	Osteosarcoma	Human Bone Osteosarcoma Epithelial Cells	U2OS Cell line	not available	24h_HU	3	Caucasian	Cell line	run 76	proteomic profiling by mass spectrometry	https://ftp.pride.ebi.ac.uk/pride/data/archive/2015/03/PXD001736/20140408_QE_UP_U2OS1222_24h_03a.raw	no fraction	1	NT=data-dependent acquisition;AC=PRIDE:0000627	20140408_QE_UP_U2OS1222_24h_03a.raw	AC=MS:1002038;NT=label free sample	1	AC=MS:1002523;NT=Q Exactive HF	NT=Carbamidomethyl;AC=UNIMOD:4;TA=C;MT=Fixed	NT=Acetyl;AC=UNIMOD:1;PP=PP=Any N-term;MT=Variable	NT=Oxidation ; TA=M ;AC=UNIMOD:35 ;MT=Variable	NT = Sumoylation ;AC=UNIMOD:877;TA=K;MT=Variable	NT = Phosphorylation ;AC=UNIMOD:21;TA= S,T,Y;MT=Variable	AC=MS:1001251;NT=Trypsin	AC=MS:1000422;NT=HCD	25% NCE	6 ppm	20 ppm	v1.1.0	NT=ms-proteomics;VV=v1.1.0	24h_HU
Sample 30	Homo sapiens	Bone	15Y	not available	female	Osteosarcoma	Human Bone Osteosarcoma Epithelial Cells	U2OS Cell line	not available	24h_HU	3	Caucasian	Cell line	run 77	proteomic profiling by mass spectrometry	https://ftp.pride.ebi.ac.uk/pride/data/archive/2015/03/PXD001736/20140408_QE_UP_U2OS1222_24h_03b.raw	no fraction	1	NT=data-dependent acquisition;AC=PRIDE:0000627	20140408_QE_UP_U2OS1222_24h_03b.raw	AC=MS:1002038;NT=label free sample	2	AC=MS:1002523;NT=Q Exactive HF	NT=Carbamidomethyl;AC=UNIMOD:4;TA=C;MT=Fixed	NT=Acetyl;AC=UNIMOD:1;PP=PP=Any N-term;MT=Variable	NT=Oxidation ; TA=M ;AC=UNIMOD:35 ;MT=Variable	NT = Sumoylation ;AC=UNIMOD:877;TA=K;MT=Variable	NT = Phosphorylation ;AC=UNIMOD:21;TA= S,T,Y;MT=Variable	AC=MS:1001251;NT=Trypsin	AC=MS:1000422;NT=HCD	25% NCE	6 ppm	20 ppm	v1.1.0	NT=ms-proteomics;VV=v1.1.0	24h_HU
Sample 30	Homo sapiens	Bone	15Y	not available	female	Osteosarcoma	Human Bone Osteosarcoma Epithelial Cells	U2OS Cell line	not available	24h_HU	3	Caucasian	Cell line	run 78	proteomic profiling by mass spectrometry	https://ftp.pride.ebi.ac.uk/pride/data/archive/2015/03/PXD001736/20140408_QE_UP_U2OS1222_24h_03c..raw	no fraction	1	NT=data-dependent acquisition;AC=PRIDE:0000627	20140408_QE_UP_U2OS1222_24h_03c.raw	AC=MS:1002038;NT=label free sample	3	AC=MS:1002523;NT=Q Exactive HF	NT=Carbamidomethyl;AC=UNIMOD:4;TA=C;MT=Fixed	NT=Acetyl;AC=UNIMOD:1;PP=PP=Any N-term;MT=Variable	NT=Oxidation ; TA=M ;AC=UNIMOD:35 ;MT=Variable	NT = Sumoylation ;AC=UNIMOD:877;TA=K;MT=Variable	NT = Phosphorylation ;AC=UNIMOD:21;TA= S,T,Y;MT=Variable	AC=MS:1001251;NT=Trypsin	AC=MS:1000422;NT=HCD	25% NCE	6 ppm	20 ppm	v1.1.0	NT=ms-proteomics;VV=v1.1.0	24h_HU
Sample 31	Homo sapiens	Bone	15Y	not available	female	Osteosarcoma	Human Bone Osteosarcoma Epithelial Cells	U2OS Cell line	not available	24h_HU	4	Caucasian	Cell line	run 79	proteomic profiling by mass spectrometry	https://ftp.pride.ebi.ac.uk/pride/data/archive/2015/03/PXD001736/20140408_QE_UP_U2OS1222_24h_04a.raw	no fraction	1	NT=data-dependent acquisition;AC=PRIDE:0000627	20140408_QE_UP_U2OS1222_24h_04a.raw	AC=MS:1002038;NT=label free sample	1	AC=MS:1002523;NT=Q Exactive HF	NT=Carbamidomethyl;AC=UNIMOD:4;TA=C;MT=Fixed	NT=Acetyl;AC=UNIMOD:1;PP=PP=Any N-term;MT=Variable	NT=Oxidation ; TA=M ;AC=UNIMOD:35 ;MT=Variable	NT = Sumoylation ;AC=UNIMOD:877;TA=K;MT=Variable	NT = Phosphorylation ;AC=UNIMOD:21;TA= S,T,Y;MT=Variable	AC=MS:1001251;NT=Trypsin	AC=MS:1000422;NT=HCD	25% NCE	6 ppm	20 ppm	v1.1.0	NT=ms-proteomics;VV=v1.1.0	24h_HU
Sample 31	Homo sapiens	Bone	15Y	not available	female	Osteosarcoma	Human Bone Osteosarcoma Epithelial Cells	U2OS Cell line	not available	24h_HU	4	Caucasian	Cell line	run 80	proteomic profiling by mass spectrometry	https://ftp.pride.ebi.ac.uk/pride/data/archive/2015/03/PXD001736/20140408_QE_UP_U2OS1222_24h_04b.raw	no fraction	1	NT=data-dependent acquisition;AC=PRIDE:0000627	20140408_QE_UP_U2OS1222_24h_04b.raw	AC=MS:1002038;NT=label free sample	2	AC=MS:1002523;NT=Q Exactive HF	NT=Carbamidomethyl;AC=UNIMOD:4;TA=C;MT=Fixed	NT=Acetyl;AC=UNIMOD:1;PP=PP=Any N-term;MT=Variable	NT=Oxidation ; TA=M ;AC=UNIMOD:35 ;MT=Variable	NT = Sumoylation ;AC=UNIMOD:877;TA=K;MT=Variable	NT = Phosphorylation ;AC=UNIMOD:21;TA= S,T,Y;MT=Variable	AC=MS:1001251;NT=Trypsin	AC=MS:1000422;NT=HCD	25% NCE	6 ppm	20 ppm	v1.1.0	NT=ms-proteomics;VV=v1.1.0	24h_HU
Sample 31	Homo sapiens	Bone	15Y	not available	female	Osteosarcoma	Human Bone Osteosarcoma Epithelial Cells	U2OS Cell line	not available	24h_HU	4	Caucasian	Cell line	run 81	proteomic profiling by mass spectrometry	https://ftp.pride.ebi.ac.uk/pride/data/archive/2015/03/PXD001736/20140408_QE_UP_U2OS1222_24h_04c.raw	no fraction	1	NT=data-dependent acquisition;AC=PRIDE:0000627	20140408_QE_UP_U2OS1222_24h_04c.raw	AC=MS:1002038;NT=label free sample	3	AC=MS:1002523;NT=Q Exactive HF	NT=Carbamidomethyl;AC=UNIMOD:4;TA=C;MT=Fixed	NT=Acetyl;AC=UNIMOD:1;PP=PP=Any N-term;MT=Variable	NT=Oxidation ; TA=M ;AC=UNIMOD:35 ;MT=Variable	NT = Sumoylation ;AC=UNIMOD:877;TA=K;MT=Variable	NT = Phosphorylation ;AC=UNIMOD:21;TA= S,T,Y;MT=Variable	AC=MS:1001251;NT=Trypsin	AC=MS:1000422;NT=HCD	25% NCE	6 ppm	20 ppm	v1.1.0	NT=ms-proteomics;VV=v1.1.0	24h_HU
Sample 32	Homo sapiens	Bone	15Y	not available	female	Osteosarcoma	Human Bone Osteosarcoma Epithelial Cells	U2OS Cell line	not available	24h_HU	5	Caucasian	Cell line	run 82	proteomic profiling by mass spectrometry	https://ftp.pride.ebi.ac.uk/pride/data/archive/2015/03/PXD001736/20140408_QE_UP_U2OS1222_24h_05a.raw	no fraction	1	NT=data-dependent acquisition;AC=PRIDE:0000627	20140408_QE_UP_U2OS1222_24h_05a.raw	AC=MS:1002038;NT=label free sample	1	AC=MS:1002523;NT=Q Exactive HF	NT=Carbamidomethyl;AC=UNIMOD:4;TA=C;MT=Fixed	NT=Acetyl;AC=UNIMOD:1;PP=PP=Any N-term;MT=Variable	NT=Oxidation ; TA=M ;AC=UNIMOD:35 ;MT=Variable	NT = Sumoylation ;AC=UNIMOD:877;TA=K;MT=Variable	NT = Phosphorylation ;AC=UNIMOD:21;TA= S,T,Y;MT=Variable	AC=MS:1001251;NT=Trypsin	AC=MS:1000422;NT=HCD	25% NCE	6 ppm	20 ppm	v1.1.0	NT=ms-proteomics;VV=v1.1.0	24h_HU
Sample 32	Homo sapiens	Bone	15Y	not available	female	Osteosarcoma	Human Bone Osteosarcoma Epithelial Cells	U2OS Cell line	not available	24h_HU	5	Caucasian	Cell line	run 83	proteomic profiling by mass spectrometry	https://ftp.pride.ebi.ac.uk/pride/data/archive/2015/03/PXD001736/20140408_QE_UP_U2OS1222_24h_05b.raw	no fraction	1	NT=data-dependent acquisition;AC=PRIDE:0000627	20140408_QE_UP_U2OS1222_24h_05b.raw	AC=MS:1002038;NT=label free sample	2	AC=MS:1002523;NT=Q Exactive HF	NT=Carbamidomethyl;AC=UNIMOD:4;TA=C;MT=Fixed	NT=Acetyl;AC=UNIMOD:1;PP=PP=Any N-term;MT=Variable	NT=Oxidation ; TA=M ;AC=UNIMOD:35 ;MT=Variable	NT = Sumoylation ;AC=UNIMOD:877;TA=K;MT=Variable	NT = Phosphorylation ;AC=UNIMOD:21;TA= S,T,Y;MT=Variable	AC=MS:1001251;NT=Trypsin	AC=MS:1000422;NT=HCD	25% NCE	6 ppm	20 ppm	v1.1.0	NT=ms-proteomics;VV=v1.1.0	24h_HU
Sample 32	Homo sapiens	Bone	15Y	not available	female	Osteosarcoma	Human Bone Osteosarcoma Epithelial Cells	U2OS Cell line	not available	24h_HU	5	Caucasian	Cell line	run 84	proteomic profiling by mass spectrometry	https://ftp.pride.ebi.ac.uk/pride/data/archive/2015/03/PXD001736/20140408_QE_UP_U2OS1222_24h_05c.raw	no fraction	1	NT=data-dependent acquisition;AC=PRIDE:0000627	20140408_QE_UP_U2OS1222_24h_05c.raw	AC=MS:1002038;NT=label free sample	3	AC=MS:1002523;NT=Q Exactive HF	NT=Carbamidomethyl;AC=UNIMOD:4;TA=C;MT=Fixed	NT=Acetyl;AC=UNIMOD:1;PP=PP=Any N-term;MT=Variable	NT=Oxidation ; TA=M ;AC=UNIMOD:35 ;MT=Variable	NT = Sumoylation ;AC=UNIMOD:877;TA=K;MT=Variable	NT = Phosphorylation ;AC=UNIMOD:21;TA= S,T,Y;MT=Variable	AC=MS:1001251;NT=Trypsin	AC=MS:1000422;NT=HCD	25% NCE	6 ppm	20 ppm	v1.1.0	NT=ms-proteomics;VV=v1.1.0	24h_HU
