source name	characteristics[sample name]	characteristics[organism]	characteristics[organism part]	characteristics[cell type]	characteristics[disease]	characteristics[project name]	characteristics[environmental sample type]	characteristics[environmental medium]	characteristics[geographic location]	characteristics[collection date]	characteristics[sample collection method]	characteristics[sample storage]	characteristics[biological replicate]	assay name	technology type	comment[proteomics data acquisition method]	comment[label]	comment[instrument]	comment[modification parameters]	comment[modification parameters]	comment[cleavage agent details]	comment[dissociation method]	comment[fraction identifier]	comment[technical replicate]	comment[data file]	comment[sdrf version]	comment[sdrf template]	comment[sdrf template]	comment[sdrf annotation tool]	factor value[organism part]
05122023-rutgers-trial1-2744	05122023-rutgers-trial1-2744	Acropora palmata	Whole body	not applicable	not available	Metaproteome_analysis_of_the_coral_holobiont_demonstrates_algal_symbiont_quiescence_under_thermal_stress	Whole body	Whole body	not available	not available	not available	not available	1	05122023-rutgers-trial1-2744	proteomic profiling by mass spectrometry	NT=Data-dependent acquisition;AC=PRIDE:0000627	NT=label free sample;AC=MS:1002038	NT=Q Exactive HF;AC=MS:1002523	NT=Carbamidomethyl;AC=UNIMOD:4;TA=C;MT=Fixed	NT=Oxidation;AC=UNIMOD:35;TA=M;MT=Variable	not applicable	not available	1	1	05122023-rutgers-trial1-2744.raw	v1.1.0	NT=ms-proteomics;VV=v1.1.0	NT=metaproteomics;VV=v1.0.0	manual curation	Whole body
05122023-rutgers-trial10-528	05122023-rutgers-trial10-528	Acropora palmata	Whole body	not applicable	not available	Metaproteome_analysis_of_the_coral_holobiont_demonstrates_algal_symbiont_quiescence_under_thermal_stress	Whole body	Whole body	not available	not available	not available	not available	1	05122023-rutgers-trial10-528	proteomic profiling by mass spectrometry	NT=Data-dependent acquisition;AC=PRIDE:0000627	NT=label free sample;AC=MS:1002038	NT=Q Exactive HF;AC=MS:1002523	NT=Carbamidomethyl;AC=UNIMOD:4;TA=C;MT=Fixed	NT=Oxidation;AC=UNIMOD:35;TA=M;MT=Variable	not applicable	not available	1	1	05122023-rutgers-trial10-528.raw	v1.1.0	NT=ms-proteomics;VV=v1.1.0	NT=metaproteomics;VV=v1.0.0	manual curation	Whole body
05122023-rutgers-trial11-5384	05122023-rutgers-trial11-5384	Acropora palmata	Whole body	not applicable	not available	Metaproteome_analysis_of_the_coral_holobiont_demonstrates_algal_symbiont_quiescence_under_thermal_stress	Whole body	Whole body	not available	not available	not available	not available	1	05122023-rutgers-trial11-5384	proteomic profiling by mass spectrometry	NT=Data-dependent acquisition;AC=PRIDE:0000627	NT=label free sample;AC=MS:1002038	NT=Q Exactive HF;AC=MS:1002523	NT=Carbamidomethyl;AC=UNIMOD:4;TA=C;MT=Fixed	NT=Oxidation;AC=UNIMOD:35;TA=M;MT=Variable	not applicable	not available	1	1	05122023-rutgers-trial11-5384.raw	v1.1.0	NT=ms-proteomics;VV=v1.1.0	NT=metaproteomics;VV=v1.0.0	manual curation	Whole body
05122023-rutgers-trial12-5387	05122023-rutgers-trial12-5387	Acropora palmata	Whole body	not applicable	not available	Metaproteome_analysis_of_the_coral_holobiont_demonstrates_algal_symbiont_quiescence_under_thermal_stress	Whole body	Whole body	not available	not available	not available	not available	1	05122023-rutgers-trial12-5387	proteomic profiling by mass spectrometry	NT=Data-dependent acquisition;AC=PRIDE:0000627	NT=label free sample;AC=MS:1002038	NT=Q Exactive HF;AC=MS:1002523	NT=Carbamidomethyl;AC=UNIMOD:4;TA=C;MT=Fixed	NT=Oxidation;AC=UNIMOD:35;TA=M;MT=Variable	not applicable	not available	1	1	05122023-rutgers-trial12-5387.raw	v1.1.0	NT=ms-proteomics;VV=v1.1.0	NT=metaproteomics;VV=v1.0.0	manual curation	Whole body
05122023-rutgers-trial13-2023	05122023-rutgers-trial13-2023	Acropora palmata	Whole body	not applicable	not available	Metaproteome_analysis_of_the_coral_holobiont_demonstrates_algal_symbiont_quiescence_under_thermal_stress	Whole body	Whole body	not available	not available	not available	not available	1	05122023-rutgers-trial13-2023	proteomic profiling by mass spectrometry	NT=Data-dependent acquisition;AC=PRIDE:0000627	NT=label free sample;AC=MS:1002038	NT=Q Exactive HF;AC=MS:1002523	NT=Carbamidomethyl;AC=UNIMOD:4;TA=C;MT=Fixed	NT=Oxidation;AC=UNIMOD:35;TA=M;MT=Variable	not applicable	not available	1	1	05122023-rutgers-trial13-2023.raw	v1.1.0	NT=ms-proteomics;VV=v1.1.0	NT=metaproteomics;VV=v1.0.0	manual curation	Whole body
05122023-rutgers-trial14-5189	05122023-rutgers-trial14-5189	Acropora palmata	Whole body	not applicable	not available	Metaproteome_analysis_of_the_coral_holobiont_demonstrates_algal_symbiont_quiescence_under_thermal_stress	Whole body	Whole body	not available	not available	not available	not available	1	05122023-rutgers-trial14-5189	proteomic profiling by mass spectrometry	NT=Data-dependent acquisition;AC=PRIDE:0000627	NT=label free sample;AC=MS:1002038	NT=Q Exactive HF;AC=MS:1002523	NT=Carbamidomethyl;AC=UNIMOD:4;TA=C;MT=Fixed	NT=Oxidation;AC=UNIMOD:35;TA=M;MT=Variable	not applicable	not available	1	1	05122023-rutgers-trial14-5189.raw	v1.1.0	NT=ms-proteomics;VV=v1.1.0	NT=metaproteomics;VV=v1.0.0	manual curation	Whole body
05122023-rutgers-trial15-2022	05122023-rutgers-trial15-2022	Acropora palmata	Whole body	not applicable	not available	Metaproteome_analysis_of_the_coral_holobiont_demonstrates_algal_symbiont_quiescence_under_thermal_stress	Whole body	Whole body	not available	not available	not available	not available	1	05122023-rutgers-trial15-2022	proteomic profiling by mass spectrometry	NT=Data-dependent acquisition;AC=PRIDE:0000627	NT=label free sample;AC=MS:1002038	NT=Q Exactive HF;AC=MS:1002523	NT=Carbamidomethyl;AC=UNIMOD:4;TA=C;MT=Fixed	NT=Oxidation;AC=UNIMOD:35;TA=M;MT=Variable	not applicable	not available	1	1	05122023-rutgers-trial15-2022.raw	v1.1.0	NT=ms-proteomics;VV=v1.1.0	NT=metaproteomics;VV=v1.0.0	manual curation	Whole body
05122023-rutgers-trial16-3007	05122023-rutgers-trial16-3007	Acropora palmata	Whole body	not applicable	not available	Metaproteome_analysis_of_the_coral_holobiont_demonstrates_algal_symbiont_quiescence_under_thermal_stress	Whole body	Whole body	not available	not available	not available	not available	1	05122023-rutgers-trial16-3007	proteomic profiling by mass spectrometry	NT=Data-dependent acquisition;AC=PRIDE:0000627	NT=label free sample;AC=MS:1002038	NT=Q Exactive HF;AC=MS:1002523	NT=Carbamidomethyl;AC=UNIMOD:4;TA=C;MT=Fixed	NT=Oxidation;AC=UNIMOD:35;TA=M;MT=Variable	not applicable	not available	1	1	05122023-rutgers-trial16-3007.raw	v1.1.0	NT=ms-proteomics;VV=v1.1.0	NT=metaproteomics;VV=v1.0.0	manual curation	Whole body
05122023-rutgers-trial17-638	05122023-rutgers-trial17-638	Acropora palmata	Whole body	not applicable	not available	Metaproteome_analysis_of_the_coral_holobiont_demonstrates_algal_symbiont_quiescence_under_thermal_stress	Whole body	Whole body	not available	not available	not available	not available	1	05122023-rutgers-trial17-638	proteomic profiling by mass spectrometry	NT=Data-dependent acquisition;AC=PRIDE:0000627	NT=label free sample;AC=MS:1002038	NT=Q Exactive HF;AC=MS:1002523	NT=Carbamidomethyl;AC=UNIMOD:4;TA=C;MT=Fixed	NT=Oxidation;AC=UNIMOD:35;TA=M;MT=Variable	not applicable	not available	1	1	05122023-rutgers-trial17-638.raw	v1.1.0	NT=ms-proteomics;VV=v1.1.0	NT=metaproteomics;VV=v1.0.0	manual curation	Whole body
05122023-rutgers-trial18-5070	05122023-rutgers-trial18-5070	Acropora palmata	Whole body	not applicable	not available	Metaproteome_analysis_of_the_coral_holobiont_demonstrates_algal_symbiont_quiescence_under_thermal_stress	Whole body	Whole body	not available	not available	not available	not available	1	05122023-rutgers-trial18-5070	proteomic profiling by mass spectrometry	NT=Data-dependent acquisition;AC=PRIDE:0000627	NT=label free sample;AC=MS:1002038	NT=Q Exactive HF;AC=MS:1002523	NT=Carbamidomethyl;AC=UNIMOD:4;TA=C;MT=Fixed	NT=Oxidation;AC=UNIMOD:35;TA=M;MT=Variable	not applicable	not available	1	1	05122023-rutgers-trial18-5070.raw	v1.1.0	NT=ms-proteomics;VV=v1.1.0	NT=metaproteomics;VV=v1.0.0	manual curation	Whole body
05122023-rutgers-trial2-2732	05122023-rutgers-trial2-2732	Acropora palmata	Whole body	not applicable	not available	Metaproteome_analysis_of_the_coral_holobiont_demonstrates_algal_symbiont_quiescence_under_thermal_stress	Whole body	Whole body	not available	not available	not available	not available	1	05122023-rutgers-trial2-2732	proteomic profiling by mass spectrometry	NT=Data-dependent acquisition;AC=PRIDE:0000627	NT=label free sample;AC=MS:1002038	NT=Q Exactive HF;AC=MS:1002523	NT=Carbamidomethyl;AC=UNIMOD:4;TA=C;MT=Fixed	NT=Oxidation;AC=UNIMOD:35;TA=M;MT=Variable	not applicable	not available	1	1	05122023-rutgers-trial2-2732.raw	v1.1.0	NT=ms-proteomics;VV=v1.1.0	NT=metaproteomics;VV=v1.0.0	manual curation	Whole body
05122023-rutgers-trial3-2735	05122023-rutgers-trial3-2735	Acropora palmata	Whole body	not applicable	not available	Metaproteome_analysis_of_the_coral_holobiont_demonstrates_algal_symbiont_quiescence_under_thermal_stress	Whole body	Whole body	not available	not available	not available	not available	1	05122023-rutgers-trial3-2735	proteomic profiling by mass spectrometry	NT=Data-dependent acquisition;AC=PRIDE:0000627	NT=label free sample;AC=MS:1002038	NT=Q Exactive HF;AC=MS:1002523	NT=Carbamidomethyl;AC=UNIMOD:4;TA=C;MT=Fixed	NT=Oxidation;AC=UNIMOD:35;TA=M;MT=Variable	not applicable	not available	1	1	05122023-rutgers-trial3-2735.raw	v1.1.0	NT=ms-proteomics;VV=v1.1.0	NT=metaproteomics;VV=v1.0.0	manual curation	Whole body
05122023-rutgers-trial4-2314	05122023-rutgers-trial4-2314	Acropora palmata	Whole body	not applicable	not available	Metaproteome_analysis_of_the_coral_holobiont_demonstrates_algal_symbiont_quiescence_under_thermal_stress	Whole body	Whole body	not available	not available	not available	not available	1	05122023-rutgers-trial4-2314	proteomic profiling by mass spectrometry	NT=Data-dependent acquisition;AC=PRIDE:0000627	NT=label free sample;AC=MS:1002038	NT=Q Exactive HF;AC=MS:1002523	NT=Carbamidomethyl;AC=UNIMOD:4;TA=C;MT=Fixed	NT=Oxidation;AC=UNIMOD:35;TA=M;MT=Variable	not applicable	not available	1	1	05122023-rutgers-trial4-2314.raw	v1.1.0	NT=ms-proteomics;VV=v1.1.0	NT=metaproteomics;VV=v1.0.0	manual curation	Whole body
05122023-rutgers-trial5-2312	05122023-rutgers-trial5-2312	Acropora palmata	Whole body	not applicable	not available	Metaproteome_analysis_of_the_coral_holobiont_demonstrates_algal_symbiont_quiescence_under_thermal_stress	Whole body	Whole body	not available	not available	not available	not available	1	05122023-rutgers-trial5-2312	proteomic profiling by mass spectrometry	NT=Data-dependent acquisition;AC=PRIDE:0000627	NT=label free sample;AC=MS:1002038	NT=Q Exactive HF;AC=MS:1002523	NT=Carbamidomethyl;AC=UNIMOD:4;TA=C;MT=Fixed	NT=Oxidation;AC=UNIMOD:35;TA=M;MT=Variable	not applicable	not available	1	1	05122023-rutgers-trial5-2312.raw	v1.1.0	NT=ms-proteomics;VV=v1.1.0	NT=metaproteomics;VV=v1.0.0	manual curation	Whole body
05122023-rutgers-trial6-2242	05122023-rutgers-trial6-2242	Acropora palmata	Whole body	not applicable	not available	Metaproteome_analysis_of_the_coral_holobiont_demonstrates_algal_symbiont_quiescence_under_thermal_stress	Whole body	Whole body	not available	not available	not available	not available	1	05122023-rutgers-trial6-2242	proteomic profiling by mass spectrometry	NT=Data-dependent acquisition;AC=PRIDE:0000627	NT=label free sample;AC=MS:1002038	NT=Q Exactive HF;AC=MS:1002523	NT=Carbamidomethyl;AC=UNIMOD:4;TA=C;MT=Fixed	NT=Oxidation;AC=UNIMOD:35;TA=M;MT=Variable	not applicable	not available	1	1	05122023-rutgers-trial6-2242.raw	v1.1.0	NT=ms-proteomics;VV=v1.1.0	NT=metaproteomics;VV=v1.0.0	manual curation	Whole body
05122023-rutgers-trial7-5013	05122023-rutgers-trial7-5013	Acropora palmata	Whole body	not applicable	not available	Metaproteome_analysis_of_the_coral_holobiont_demonstrates_algal_symbiont_quiescence_under_thermal_stress	Whole body	Whole body	not available	not available	not available	not available	1	05122023-rutgers-trial7-5013	proteomic profiling by mass spectrometry	NT=Data-dependent acquisition;AC=PRIDE:0000627	NT=label free sample;AC=MS:1002038	NT=Q Exactive HF;AC=MS:1002523	NT=Carbamidomethyl;AC=UNIMOD:4;TA=C;MT=Fixed	NT=Oxidation;AC=UNIMOD:35;TA=M;MT=Variable	not applicable	not available	1	1	05122023-rutgers-trial7-5013.raw	v1.1.0	NT=ms-proteomics;VV=v1.1.0	NT=metaproteomics;VV=v1.0.0	manual curation	Whole body
05122023-rutgers-trial8-5016	05122023-rutgers-trial8-5016	Acropora palmata	Whole body	not applicable	not available	Metaproteome_analysis_of_the_coral_holobiont_demonstrates_algal_symbiont_quiescence_under_thermal_stress	Whole body	Whole body	not available	not available	not available	not available	1	05122023-rutgers-trial8-5016	proteomic profiling by mass spectrometry	NT=Data-dependent acquisition;AC=PRIDE:0000627	NT=label free sample;AC=MS:1002038	NT=Q Exactive HF;AC=MS:1002523	NT=Carbamidomethyl;AC=UNIMOD:4;TA=C;MT=Fixed	NT=Oxidation;AC=UNIMOD:35;TA=M;MT=Variable	not applicable	not available	1	1	05122023-rutgers-trial8-5016.raw	v1.1.0	NT=ms-proteomics;VV=v1.1.0	NT=metaproteomics;VV=v1.0.0	manual curation	Whole body
05122023-rutgers-trial9-89	05122023-rutgers-trial9-89	Acropora palmata	Whole body	not applicable	not available	Metaproteome_analysis_of_the_coral_holobiont_demonstrates_algal_symbiont_quiescence_under_thermal_stress	Whole body	Whole body	not available	not available	not available	not available	1	05122023-rutgers-trial9-89	proteomic profiling by mass spectrometry	NT=Data-dependent acquisition;AC=PRIDE:0000627	NT=label free sample;AC=MS:1002038	NT=Q Exactive HF;AC=MS:1002523	NT=Carbamidomethyl;AC=UNIMOD:4;TA=C;MT=Fixed	NT=Oxidation;AC=UNIMOD:35;TA=M;MT=Variable	not applicable	not available	1	1	05122023-rutgers-trial9-89.raw	v1.1.0	NT=ms-proteomics;VV=v1.1.0	NT=metaproteomics;VV=v1.0.0	manual curation	Whole body
05242023-rutgers-19-2252	05242023-rutgers-19-2252	Acropora palmata	Whole body	not applicable	not available	Metaproteome_analysis_of_the_coral_holobiont_demonstrates_algal_symbiont_quiescence_under_thermal_stress	Whole body	Whole body	not available	not available	not available	not available	1	05242023-rutgers-19-2252	proteomic profiling by mass spectrometry	NT=Data-dependent acquisition;AC=PRIDE:0000627	NT=label free sample;AC=MS:1002038	NT=Q Exactive HF;AC=MS:1002523	NT=Carbamidomethyl;AC=UNIMOD:4;TA=C;MT=Fixed	NT=Oxidation;AC=UNIMOD:35;TA=M;MT=Variable	not applicable	not available	1	1	05242023-rutgers-19-2252.raw	v1.1.0	NT=ms-proteomics;VV=v1.1.0	NT=metaproteomics;VV=v1.0.0	manual curation	Whole body
05242023-rutgers-20-733	05242023-rutgers-20-733	Acropora palmata	Whole body	not applicable	not available	Metaproteome_analysis_of_the_coral_holobiont_demonstrates_algal_symbiont_quiescence_under_thermal_stress	Whole body	Whole body	not available	not available	not available	not available	1	05242023-rutgers-20-733	proteomic profiling by mass spectrometry	NT=Data-dependent acquisition;AC=PRIDE:0000627	NT=label free sample;AC=MS:1002038	NT=Q Exactive HF;AC=MS:1002523	NT=Carbamidomethyl;AC=UNIMOD:4;TA=C;MT=Fixed	NT=Oxidation;AC=UNIMOD:35;TA=M;MT=Variable	not applicable	not available	1	1	05242023-rutgers-20-733.raw	v1.1.0	NT=ms-proteomics;VV=v1.1.0	NT=metaproteomics;VV=v1.0.0	manual curation	Whole body
05242023-rutgers-21-2255	05242023-rutgers-21-2255	Acropora palmata	Whole body	not applicable	not available	Metaproteome_analysis_of_the_coral_holobiont_demonstrates_algal_symbiont_quiescence_under_thermal_stress	Whole body	Whole body	not available	not available	not available	not available	1	05242023-rutgers-21-2255	proteomic profiling by mass spectrometry	NT=Data-dependent acquisition;AC=PRIDE:0000627	NT=label free sample;AC=MS:1002038	NT=Q Exactive HF;AC=MS:1002523	NT=Carbamidomethyl;AC=UNIMOD:4;TA=C;MT=Fixed	NT=Oxidation;AC=UNIMOD:35;TA=M;MT=Variable	not applicable	not available	1	1	05242023-rutgers-21-2255.raw	v1.1.0	NT=ms-proteomics;VV=v1.1.0	NT=metaproteomics;VV=v1.0.0	manual curation	Whole body
05242023-rutgers-22-5015	05242023-rutgers-22-5015	Acropora palmata	Whole body	not applicable	not available	Metaproteome_analysis_of_the_coral_holobiont_demonstrates_algal_symbiont_quiescence_under_thermal_stress	Whole body	Whole body	not available	not available	not available	not available	1	05242023-rutgers-22-5015	proteomic profiling by mass spectrometry	NT=Data-dependent acquisition;AC=PRIDE:0000627	NT=label free sample;AC=MS:1002038	NT=Q Exactive HF;AC=MS:1002523	NT=Carbamidomethyl;AC=UNIMOD:4;TA=C;MT=Fixed	NT=Oxidation;AC=UNIMOD:35;TA=M;MT=Variable	not applicable	not available	1	1	05242023-rutgers-22-5015.raw	v1.1.0	NT=ms-proteomics;VV=v1.1.0	NT=metaproteomics;VV=v1.0.0	manual curation	Whole body
05242023-rutgers-23-5018	05242023-rutgers-23-5018	Acropora palmata	Whole body	not applicable	not available	Metaproteome_analysis_of_the_coral_holobiont_demonstrates_algal_symbiont_quiescence_under_thermal_stress	Whole body	Whole body	not available	not available	not available	not available	1	05242023-rutgers-23-5018	proteomic profiling by mass spectrometry	NT=Data-dependent acquisition;AC=PRIDE:0000627	NT=label free sample;AC=MS:1002038	NT=Q Exactive HF;AC=MS:1002523	NT=Carbamidomethyl;AC=UNIMOD:4;TA=C;MT=Fixed	NT=Oxidation;AC=UNIMOD:35;TA=M;MT=Variable	not applicable	not available	1	1	05242023-rutgers-23-5018.raw	v1.1.0	NT=ms-proteomics;VV=v1.1.0	NT=metaproteomics;VV=v1.0.0	manual curation	Whole body
05242023-rutgers-24-2192	05242023-rutgers-24-2192	Acropora palmata	Whole body	not applicable	not available	Metaproteome_analysis_of_the_coral_holobiont_demonstrates_algal_symbiont_quiescence_under_thermal_stress	Whole body	Whole body	not available	not available	not available	not available	1	05242023-rutgers-24-2192	proteomic profiling by mass spectrometry	NT=Data-dependent acquisition;AC=PRIDE:0000627	NT=label free sample;AC=MS:1002038	NT=Q Exactive HF;AC=MS:1002523	NT=Carbamidomethyl;AC=UNIMOD:4;TA=C;MT=Fixed	NT=Oxidation;AC=UNIMOD:35;TA=M;MT=Variable	not applicable	not available	1	1	05242023-rutgers-24-2192.raw	v1.1.0	NT=ms-proteomics;VV=v1.1.0	NT=metaproteomics;VV=v1.0.0	manual curation	Whole body
05242023-rutgers-25-2178	05242023-rutgers-25-2178	Acropora palmata	Whole body	not applicable	not available	Metaproteome_analysis_of_the_coral_holobiont_demonstrates_algal_symbiont_quiescence_under_thermal_stress	Whole body	Whole body	not available	not available	not available	not available	1	05242023-rutgers-25-2178	proteomic profiling by mass spectrometry	NT=Data-dependent acquisition;AC=PRIDE:0000627	NT=label free sample;AC=MS:1002038	NT=Q Exactive HF;AC=MS:1002523	NT=Carbamidomethyl;AC=UNIMOD:4;TA=C;MT=Fixed	NT=Oxidation;AC=UNIMOD:35;TA=M;MT=Variable	not applicable	not available	1	1	05242023-rutgers-25-2178.raw	v1.1.0	NT=ms-proteomics;VV=v1.1.0	NT=metaproteomics;VV=v1.0.0	manual curation	Whole body
05242023-rutgers-26-5100	05242023-rutgers-26-5100	Acropora palmata	Whole body	not applicable	not available	Metaproteome_analysis_of_the_coral_holobiont_demonstrates_algal_symbiont_quiescence_under_thermal_stress	Whole body	Whole body	not available	not available	not available	not available	1	05242023-rutgers-26-5100	proteomic profiling by mass spectrometry	NT=Data-dependent acquisition;AC=PRIDE:0000627	NT=label free sample;AC=MS:1002038	NT=Q Exactive HF;AC=MS:1002523	NT=Carbamidomethyl;AC=UNIMOD:4;TA=C;MT=Fixed	NT=Oxidation;AC=UNIMOD:35;TA=M;MT=Variable	not applicable	not available	1	1	05242023-rutgers-26-5100.raw	v1.1.0	NT=ms-proteomics;VV=v1.1.0	NT=metaproteomics;VV=v1.0.0	manual curation	Whole body
05242023-rutgers-27-5102	05242023-rutgers-27-5102	Acropora palmata	Whole body	not applicable	not available	Metaproteome_analysis_of_the_coral_holobiont_demonstrates_algal_symbiont_quiescence_under_thermal_stress	Whole body	Whole body	not available	not available	not available	not available	1	05242023-rutgers-27-5102	proteomic profiling by mass spectrometry	NT=Data-dependent acquisition;AC=PRIDE:0000627	NT=label free sample;AC=MS:1002038	NT=Q Exactive HF;AC=MS:1002523	NT=Carbamidomethyl;AC=UNIMOD:4;TA=C;MT=Fixed	NT=Oxidation;AC=UNIMOD:35;TA=M;MT=Variable	not applicable	not available	1	1	05242023-rutgers-27-5102.raw	v1.1.0	NT=ms-proteomics;VV=v1.1.0	NT=metaproteomics;VV=v1.0.0	manual curation	Whole body
05242023-rutgers-28-639	05242023-rutgers-28-639	Acropora palmata	Whole body	not applicable	not available	Metaproteome_analysis_of_the_coral_holobiont_demonstrates_algal_symbiont_quiescence_under_thermal_stress	Whole body	Whole body	not available	not available	not available	not available	1	05242023-rutgers-28-639	proteomic profiling by mass spectrometry	NT=Data-dependent acquisition;AC=PRIDE:0000627	NT=label free sample;AC=MS:1002038	NT=Q Exactive HF;AC=MS:1002523	NT=Carbamidomethyl;AC=UNIMOD:4;TA=C;MT=Fixed	NT=Oxidation;AC=UNIMOD:35;TA=M;MT=Variable	not applicable	not available	1	1	05242023-rutgers-28-639.raw	v1.1.0	NT=ms-proteomics;VV=v1.1.0	NT=metaproteomics;VV=v1.0.0	manual curation	Whole body
05242023-rutgers-29-13	05242023-rutgers-29-13	Acropora palmata	Whole body	not applicable	not available	Metaproteome_analysis_of_the_coral_holobiont_demonstrates_algal_symbiont_quiescence_under_thermal_stress	Whole body	Whole body	not available	not available	not available	not available	1	05242023-rutgers-29-13	proteomic profiling by mass spectrometry	NT=Data-dependent acquisition;AC=PRIDE:0000627	NT=label free sample;AC=MS:1002038	NT=Q Exactive HF;AC=MS:1002523	NT=Carbamidomethyl;AC=UNIMOD:4;TA=C;MT=Fixed	NT=Oxidation;AC=UNIMOD:35;TA=M;MT=Variable	not applicable	not available	1	1	05242023-rutgers-29-13.raw	v1.1.0	NT=ms-proteomics;VV=v1.1.0	NT=metaproteomics;VV=v1.0.0	manual curation	Whole body
05242023-rutgers-30-5400	05242023-rutgers-30-5400	Acropora palmata	Whole body	not applicable	not available	Metaproteome_analysis_of_the_coral_holobiont_demonstrates_algal_symbiont_quiescence_under_thermal_stress	Whole body	Whole body	not available	not available	not available	not available	1	05242023-rutgers-30-5400	proteomic profiling by mass spectrometry	NT=Data-dependent acquisition;AC=PRIDE:0000627	NT=label free sample;AC=MS:1002038	NT=Q Exactive HF;AC=MS:1002523	NT=Carbamidomethyl;AC=UNIMOD:4;TA=C;MT=Fixed	NT=Oxidation;AC=UNIMOD:35;TA=M;MT=Variable	not applicable	not available	1	1	05242023-rutgers-30-5400.raw	v1.1.0	NT=ms-proteomics;VV=v1.1.0	NT=metaproteomics;VV=v1.0.0	manual curation	Whole body
05242023-rutgers-31-2076	05242023-rutgers-31-2076	Acropora palmata	Whole body	not applicable	not available	Metaproteome_analysis_of_the_coral_holobiont_demonstrates_algal_symbiont_quiescence_under_thermal_stress	Whole body	Whole body	not available	not available	not available	not available	1	05242023-rutgers-31-2076	proteomic profiling by mass spectrometry	NT=Data-dependent acquisition;AC=PRIDE:0000627	NT=label free sample;AC=MS:1002038	NT=Q Exactive HF;AC=MS:1002523	NT=Carbamidomethyl;AC=UNIMOD:4;TA=C;MT=Fixed	NT=Oxidation;AC=UNIMOD:35;TA=M;MT=Variable	not applicable	not available	1	1	05242023-rutgers-31-2076.raw	v1.1.0	NT=ms-proteomics;VV=v1.1.0	NT=metaproteomics;VV=v1.0.0	manual curation	Whole body
05242023-rutgers-32-2165	05242023-rutgers-32-2165	Acropora palmata	Whole body	not applicable	not available	Metaproteome_analysis_of_the_coral_holobiont_demonstrates_algal_symbiont_quiescence_under_thermal_stress	Whole body	Whole body	not available	not available	not available	not available	1	05242023-rutgers-32-2165	proteomic profiling by mass spectrometry	NT=Data-dependent acquisition;AC=PRIDE:0000627	NT=label free sample;AC=MS:1002038	NT=Q Exactive HF;AC=MS:1002523	NT=Carbamidomethyl;AC=UNIMOD:4;TA=C;MT=Fixed	NT=Oxidation;AC=UNIMOD:35;TA=M;MT=Variable	not applicable	not available	1	1	05242023-rutgers-32-2165.raw	v1.1.0	NT=ms-proteomics;VV=v1.1.0	NT=metaproteomics;VV=v1.0.0	manual curation	Whole body
05242023-rutgers-33-669	05242023-rutgers-33-669	Acropora palmata	Whole body	not applicable	not available	Metaproteome_analysis_of_the_coral_holobiont_demonstrates_algal_symbiont_quiescence_under_thermal_stress	Whole body	Whole body	not available	not available	not available	not available	1	05242023-rutgers-33-669	proteomic profiling by mass spectrometry	NT=Data-dependent acquisition;AC=PRIDE:0000627	NT=label free sample;AC=MS:1002038	NT=Q Exactive HF;AC=MS:1002523	NT=Carbamidomethyl;AC=UNIMOD:4;TA=C;MT=Fixed	NT=Oxidation;AC=UNIMOD:35;TA=M;MT=Variable	not applicable	not available	1	1	05242023-rutgers-33-669.raw	v1.1.0	NT=ms-proteomics;VV=v1.1.0	NT=metaproteomics;VV=v1.0.0	manual curation	Whole body
05242023-rutgers-34-2156	05242023-rutgers-34-2156	Acropora palmata	Whole body	not applicable	not available	Metaproteome_analysis_of_the_coral_holobiont_demonstrates_algal_symbiont_quiescence_under_thermal_stress	Whole body	Whole body	not available	not available	not available	not available	1	05242023-rutgers-34-2156	proteomic profiling by mass spectrometry	NT=Data-dependent acquisition;AC=PRIDE:0000627	NT=label free sample;AC=MS:1002038	NT=Q Exactive HF;AC=MS:1002523	NT=Carbamidomethyl;AC=UNIMOD:4;TA=C;MT=Fixed	NT=Oxidation;AC=UNIMOD:35;TA=M;MT=Variable	not applicable	not available	1	1	05242023-rutgers-34-2156.raw	v1.1.0	NT=ms-proteomics;VV=v1.1.0	NT=metaproteomics;VV=v1.0.0	manual curation	Whole body
05312023-rutgers-35-525	05312023-rutgers-35-525	Acropora palmata	Whole body	not applicable	not available	Metaproteome_analysis_of_the_coral_holobiont_demonstrates_algal_symbiont_quiescence_under_thermal_stress	Whole body	Whole body	not available	not available	not available	not available	1	05312023-rutgers-35-525	proteomic profiling by mass spectrometry	NT=Data-dependent acquisition;AC=PRIDE:0000627	NT=label free sample;AC=MS:1002038	NT=Q Exactive HF;AC=MS:1002523	NT=Carbamidomethyl;AC=UNIMOD:4;TA=C;MT=Fixed	NT=Oxidation;AC=UNIMOD:35;TA=M;MT=Variable	not applicable	not available	1	1	05312023-rutgers-35-525.raw	v1.1.0	NT=ms-proteomics;VV=v1.1.0	NT=metaproteomics;VV=v1.0.0	manual curation	Whole body
05312023-rutgers-36-5388	05312023-rutgers-36-5388	Acropora palmata	Whole body	not applicable	not available	Metaproteome_analysis_of_the_coral_holobiont_demonstrates_algal_symbiont_quiescence_under_thermal_stress	Whole body	Whole body	not available	not available	not available	not available	1	05312023-rutgers-36-5388	proteomic profiling by mass spectrometry	NT=Data-dependent acquisition;AC=PRIDE:0000627	NT=label free sample;AC=MS:1002038	NT=Q Exactive HF;AC=MS:1002523	NT=Carbamidomethyl;AC=UNIMOD:4;TA=C;MT=Fixed	NT=Oxidation;AC=UNIMOD:35;TA=M;MT=Variable	not applicable	not available	1	1	05312023-rutgers-36-5388.raw	v1.1.0	NT=ms-proteomics;VV=v1.1.0	NT=metaproteomics;VV=v1.0.0	manual curation	Whole body
05312023-rutgers-37-2294	05312023-rutgers-37-2294	Acropora palmata	Whole body	not applicable	not available	Metaproteome_analysis_of_the_coral_holobiont_demonstrates_algal_symbiont_quiescence_under_thermal_stress	Whole body	Whole body	not available	not available	not available	not available	1	05312023-rutgers-37-2294	proteomic profiling by mass spectrometry	NT=Data-dependent acquisition;AC=PRIDE:0000627	NT=label free sample;AC=MS:1002038	NT=Q Exactive HF;AC=MS:1002523	NT=Carbamidomethyl;AC=UNIMOD:4;TA=C;MT=Fixed	NT=Oxidation;AC=UNIMOD:35;TA=M;MT=Variable	not applicable	not available	1	1	05312023-rutgers-37-2294.raw	v1.1.0	NT=ms-proteomics;VV=v1.1.0	NT=metaproteomics;VV=v1.0.0	manual curation	Whole body
05312023-rutgers-38-2043	05312023-rutgers-38-2043	Acropora palmata	Whole body	not applicable	not available	Metaproteome_analysis_of_the_coral_holobiont_demonstrates_algal_symbiont_quiescence_under_thermal_stress	Whole body	Whole body	not available	not available	not available	not available	1	05312023-rutgers-38-2043	proteomic profiling by mass spectrometry	NT=Data-dependent acquisition;AC=PRIDE:0000627	NT=label free sample;AC=MS:1002038	NT=Q Exactive HF;AC=MS:1002523	NT=Carbamidomethyl;AC=UNIMOD:4;TA=C;MT=Fixed	NT=Oxidation;AC=UNIMOD:35;TA=M;MT=Variable	not applicable	not available	1	1	05312023-rutgers-38-2043.raw	v1.1.0	NT=ms-proteomics;VV=v1.1.0	NT=metaproteomics;VV=v1.0.0	manual curation	Whole body
05312023-rutgers-39-2287	05312023-rutgers-39-2287	Acropora palmata	Whole body	not applicable	not available	Metaproteome_analysis_of_the_coral_holobiont_demonstrates_algal_symbiont_quiescence_under_thermal_stress	Whole body	Whole body	not available	not available	not available	not available	1	05312023-rutgers-39-2287	proteomic profiling by mass spectrometry	NT=Data-dependent acquisition;AC=PRIDE:0000627	NT=label free sample;AC=MS:1002038	NT=Q Exactive HF;AC=MS:1002523	NT=Carbamidomethyl;AC=UNIMOD:4;TA=C;MT=Fixed	NT=Oxidation;AC=UNIMOD:35;TA=M;MT=Variable	not applicable	not available	1	1	05312023-rutgers-39-2287.raw	v1.1.0	NT=ms-proteomics;VV=v1.1.0	NT=metaproteomics;VV=v1.0.0	manual curation	Whole body
05312023-rutgers-40-2248	05312023-rutgers-40-2248	Acropora palmata	Whole body	not applicable	not available	Metaproteome_analysis_of_the_coral_holobiont_demonstrates_algal_symbiont_quiescence_under_thermal_stress	Whole body	Whole body	not available	not available	not available	not available	1	05312023-rutgers-40-2248	proteomic profiling by mass spectrometry	NT=Data-dependent acquisition;AC=PRIDE:0000627	NT=label free sample;AC=MS:1002038	NT=Q Exactive HF;AC=MS:1002523	NT=Carbamidomethyl;AC=UNIMOD:4;TA=C;MT=Fixed	NT=Oxidation;AC=UNIMOD:35;TA=M;MT=Variable	not applicable	not available	1	1	05312023-rutgers-40-2248.raw	v1.1.0	NT=ms-proteomics;VV=v1.1.0	NT=metaproteomics;VV=v1.0.0	manual curation	Whole body
05312023-rutgers-41-116	05312023-rutgers-41-116	Acropora palmata	Whole body	not applicable	not available	Metaproteome_analysis_of_the_coral_holobiont_demonstrates_algal_symbiont_quiescence_under_thermal_stress	Whole body	Whole body	not available	not available	not available	not available	1	05312023-rutgers-41-116	proteomic profiling by mass spectrometry	NT=Data-dependent acquisition;AC=PRIDE:0000627	NT=label free sample;AC=MS:1002038	NT=Q Exactive HF;AC=MS:1002523	NT=Carbamidomethyl;AC=UNIMOD:4;TA=C;MT=Fixed	NT=Oxidation;AC=UNIMOD:35;TA=M;MT=Variable	not applicable	not available	1	1	05312023-rutgers-41-116.raw	v1.1.0	NT=ms-proteomics;VV=v1.1.0	NT=metaproteomics;VV=v1.0.0	manual curation	Whole body
05312023-rutgers-42-2251	05312023-rutgers-42-2251	Acropora palmata	Whole body	not applicable	not available	Metaproteome_analysis_of_the_coral_holobiont_demonstrates_algal_symbiont_quiescence_under_thermal_stress	Whole body	Whole body	not available	not available	not available	not available	1	05312023-rutgers-42-2251	proteomic profiling by mass spectrometry	NT=Data-dependent acquisition;AC=PRIDE:0000627	NT=label free sample;AC=MS:1002038	NT=Q Exactive HF;AC=MS:1002523	NT=Carbamidomethyl;AC=UNIMOD:4;TA=C;MT=Fixed	NT=Oxidation;AC=UNIMOD:35;TA=M;MT=Variable	not applicable	not available	1	1	05312023-rutgers-42-2251.raw	v1.1.0	NT=ms-proteomics;VV=v1.1.0	NT=metaproteomics;VV=v1.0.0	manual curation	Whole body
05312023-rutgers-43-475	05312023-rutgers-43-475	Acropora palmata	Whole body	not applicable	not available	Metaproteome_analysis_of_the_coral_holobiont_demonstrates_algal_symbiont_quiescence_under_thermal_stress	Whole body	Whole body	not available	not available	not available	not available	1	05312023-rutgers-43-475	proteomic profiling by mass spectrometry	NT=Data-dependent acquisition;AC=PRIDE:0000627	NT=label free sample;AC=MS:1002038	NT=Q Exactive HF;AC=MS:1002523	NT=Carbamidomethyl;AC=UNIMOD:4;TA=C;MT=Fixed	NT=Oxidation;AC=UNIMOD:35;TA=M;MT=Variable	not applicable	not available	1	1	05312023-rutgers-43-475.raw	v1.1.0	NT=ms-proteomics;VV=v1.1.0	NT=metaproteomics;VV=v1.0.0	manual curation	Whole body
05312023-rutgers-44-473	05312023-rutgers-44-473	Acropora palmata	Whole body	not applicable	not available	Metaproteome_analysis_of_the_coral_holobiont_demonstrates_algal_symbiont_quiescence_under_thermal_stress	Whole body	Whole body	not available	not available	not available	not available	1	05312023-rutgers-44-473	proteomic profiling by mass spectrometry	NT=Data-dependent acquisition;AC=PRIDE:0000627	NT=label free sample;AC=MS:1002038	NT=Q Exactive HF;AC=MS:1002523	NT=Carbamidomethyl;AC=UNIMOD:4;TA=C;MT=Fixed	NT=Oxidation;AC=UNIMOD:35;TA=M;MT=Variable	not applicable	not available	1	1	05312023-rutgers-44-473.raw	v1.1.0	NT=ms-proteomics;VV=v1.1.0	NT=metaproteomics;VV=v1.0.0	manual curation	Whole body
05312023-rutgers-45-3132	05312023-rutgers-45-3132	Acropora palmata	Whole body	not applicable	not available	Metaproteome_analysis_of_the_coral_holobiont_demonstrates_algal_symbiont_quiescence_under_thermal_stress	Whole body	Whole body	not available	not available	not available	not available	1	05312023-rutgers-45-3132	proteomic profiling by mass spectrometry	NT=Data-dependent acquisition;AC=PRIDE:0000627	NT=label free sample;AC=MS:1002038	NT=Q Exactive HF;AC=MS:1002523	NT=Carbamidomethyl;AC=UNIMOD:4;TA=C;MT=Fixed	NT=Oxidation;AC=UNIMOD:35;TA=M;MT=Variable	not applicable	not available	1	1	05312023-rutgers-45-3132.raw	v1.1.0	NT=ms-proteomics;VV=v1.1.0	NT=metaproteomics;VV=v1.0.0	manual curation	Whole body
05312023-rutgers-46-2040	05312023-rutgers-46-2040	Acropora palmata	Whole body	not applicable	not available	Metaproteome_analysis_of_the_coral_holobiont_demonstrates_algal_symbiont_quiescence_under_thermal_stress	Whole body	Whole body	not available	not available	not available	not available	1	05312023-rutgers-46-2040	proteomic profiling by mass spectrometry	NT=Data-dependent acquisition;AC=PRIDE:0000627	NT=label free sample;AC=MS:1002038	NT=Q Exactive HF;AC=MS:1002523	NT=Carbamidomethyl;AC=UNIMOD:4;TA=C;MT=Fixed	NT=Oxidation;AC=UNIMOD:35;TA=M;MT=Variable	not applicable	not available	1	1	05312023-rutgers-46-2040.raw	v1.1.0	NT=ms-proteomics;VV=v1.1.0	NT=metaproteomics;VV=v1.0.0	manual curation	Whole body
05312023-rutgers-47-113	05312023-rutgers-47-113	Acropora palmata	Whole body	not applicable	not available	Metaproteome_analysis_of_the_coral_holobiont_demonstrates_algal_symbiont_quiescence_under_thermal_stress	Whole body	Whole body	not available	not available	not available	not available	1	05312023-rutgers-47-113	proteomic profiling by mass spectrometry	NT=Data-dependent acquisition;AC=PRIDE:0000627	NT=label free sample;AC=MS:1002038	NT=Q Exactive HF;AC=MS:1002523	NT=Carbamidomethyl;AC=UNIMOD:4;TA=C;MT=Fixed	NT=Oxidation;AC=UNIMOD:35;TA=M;MT=Variable	not applicable	not available	1	1	05312023-rutgers-47-113.raw	v1.1.0	NT=ms-proteomics;VV=v1.1.0	NT=metaproteomics;VV=v1.0.0	manual curation	Whole body
05312023-rutgers-48-3092	05312023-rutgers-48-3092	Acropora palmata	Whole body	not applicable	not available	Metaproteome_analysis_of_the_coral_holobiont_demonstrates_algal_symbiont_quiescence_under_thermal_stress	Whole body	Whole body	not available	not available	not available	not available	1	05312023-rutgers-48-3092	proteomic profiling by mass spectrometry	NT=Data-dependent acquisition;AC=PRIDE:0000627	NT=label free sample;AC=MS:1002038	NT=Q Exactive HF;AC=MS:1002523	NT=Carbamidomethyl;AC=UNIMOD:4;TA=C;MT=Fixed	NT=Oxidation;AC=UNIMOD:35;TA=M;MT=Variable	not applicable	not available	1	1	05312023-rutgers-48-3092.raw	v1.1.0	NT=ms-proteomics;VV=v1.1.0	NT=metaproteomics;VV=v1.0.0	manual curation	Whole body
